-0.501031697 -0.142799839 0.694408655 0
0.063091144 0.0422096737 0.275446713 0
-0.102558844 0.0160999075 0.230103925 0
-0.219692677 0.0432723984 0.51134181 0
0.175828218 0.0264457557 0.580271184 0
0.0492934547 0.0404837355 0.358636856 0
-0.101747841 0.011155474 0.264042318 0
-0.134033948 0.041960761 0.387988001 0
-0.102084421 0.0158862267 0.267635047 0
-0.132932574 0.0394126661 0.461223543 0
-0.107519522 0.0161567517 0.269583106 0
-0.041084528 0.0424116179 0.311458409 0
-0.0421225168 0.0406159796 0.35490638 0
0.314272612 -0.056217093 0.488758534 0
0.311066508 -0.0506484658 0.519647241 0
0.159891173 0.0365948491 0.466049284 0
-0.133800998 0.0431278311 0.300555915 0
0.291170806 -0.093355611 0.540682375 0
0.164946377 0.0373680033 0.391948998 0
0.171834454 0.0395422131 0.30821076 12
-0.000924282765 0.0406905077 0.288733363 0
0.148284763 0.0336877555 0.40364179 0
0.10565082 0.0412215479 0.343224555 0
-0.11679545 0.0164002944 0.225202143 0
0.153869078 0.0355793424 0.514723778 0
0.344330788 -0.0855886042 0.492018789 14
-0.100973204 0.0148641178 0.238964602 0
-0.102648161 0.00731120771 0.241182595 0
0.164681807 0.0384141281 0.406430721 0
0.170161426 0.0396804884 0.284573019 5
0.248018861 0.0321016423 0.521242619 0
0.104377285 0.0412599817 0.320864618 0
0.310130775 -0.0693095699 0.494410485 11
0.305696905 -0.0665734783 0.516257882 0
0.0465330556 0.0429610685 0.319706619 0
-0.107156649 0.015790198 0.226611957 0
-0.116879553 0.0163536724 0.225368023 0
-0.501063287 -0.0376065485 0.692060471 0
-0.502010167 -0.143202275 0.694859207 0
-0.10244035 0.00821802393 0.236968234 0
-0.101935662 0.00727471197 0.239818215 0
-0.493855953 -0.135076404 0.701217949 0
-0.135287136 0.0436151959 0.303530216 0
0.168182626 0.0391248465 0.281782746 3
0.169343039 0.0388992913 0.305562437 6
0.313646883 -0.0857973024 0.482577205 0
0.161152378 0.0381763987 0.302115679 0
0.303219408 -0.0668406263 0.513632476 12
0.309162617 -0.0693726614 0.492982209 11
0.332351208 -0.0600622147 0.488598913 12
-0.107438728 0.0157686695 0.226699546 0
0.163909823 0.0388640985 0.364486128 0
0.339944661 -0.0757121742 0.486593604 14
0.176061675 -0.0392944254 0.565589488 5
0.185027584 0.0152230458 0.575223744 0
-0.102198035 0.00813071337 0.236811325 0
-0.105051309 0.00776751153 0.247552723 0
-0.04032626 0.0413899347 0.30489853 0
-0.0948204696 0.0431414209 0.304099172 0
-0.0913498625 0.044106517 0.31115827 0
0.170008928 0.0393066481 0.284344584 14
0.0989714265 0.039358519 0.307709247 0
0.296033204 -0.0649400204 0.501362622 5
0.165442511 0.038039811 0.300106317 1
0.37538895 0.0301083494 0.659494519 0
0.347216547 0.0229782313 0.546977222 0
0.35735476 0.0123167867 0.528257668 0
0.167096227 0.0394672267 0.368682235 0
0.246350631 0.0315134712 0.518492162 0
-0.137710705 0.0429228097 0.39394471 0
-0.101930447 0.0157845896 0.26685217 0
-0.1092081 0.0157566704 0.228449762 0
-0.116372511 0.0161192883 0.225228667 0
-0.101508431 0.00705028325 0.239525035 0
0.171551898 -0.0466381274 0.572007 9
0.322306573 0.0238257609 0.547543883 0
0.0433573164 0.0397687852 0.297298163 0
-0.0902685821 0.0434631817 0.306766033 0
-0.0400765687 0.0411654599 0.301856339 0
0.320734143 -0.0786570236 0.477937669 0
0.167037353 0.0399649963 0.327218711 0
0.0429561436 0.0369960256 0.368470967 0
0.341360688 -0.042171441 0.489545643 5
0.171936825 0.0234755408 0.570296049 0
0.0456164926 0.0415212326 0.309800386 0
-0.107475065 0.0137466677 0.223281205 0
0.0972175151 0.0380832404 0.371619314 0
0.224224746 0.027219804 0.517332494 0
-0.101121522 0.0122228432 0.232625023 0
0.163942412 0.0373340771 0.297748566 12
0.317856759 -0.0730505139 0.495488375 0
0.101408474 0.0404131226 0.314774036 0
-0.137985483 0.0401480198 0.523268938 0
-0.104516417 0.013982866 0.210085124 0
0.356383711 0.0106374938 0.527030945 0
0.104237527 0.0241381042 0.241364315 0
0.17130293 0.0402712822 0.374441147 0
0.354760408 -0.00314038107 0.525361896 0
0.102298424 0.040765442 0.349117309 0
-0.102663837 0.0153762167 0.229784504 0
0.317420542 0.0232191831 0.559836626 0
0.387132853 -0.00407206826 0.570662022 0
0.105246015 0.0400527343 0.442195565 0
-0.0423819609 0.0403693579 0.360832036 0
0.212707102 0.0292221233 0.531071663 0
0.351005703 -0.0031318909 0.521268189 0
0.152306169 -0.0317124017 0.508593261 0
-0.0425681248 0.0412164517 0.360415548 0
0.130145267 0.035820581 0.688803315 0
-0.105974935 0.0044543487 0.264089376 4
0.130963504 0.0359046496 0.631380141 0
-0.33233586 -0.196479291 1.06100583 0
0.109551825 0.0256927218 0.254967421 2
-0.650924623 -0.215030834 1.18728673 0
0.0443214402 0.0404818468 0.397458792 0
-0.611215055 -0.177857026 1.15222538 0
-0.52468282 -0.167615384 1.29080069 0
0.216862276 0.0833088979 0.75011611 0
-0.731941044 -0.0263758991 1.42041385 0
-0.585693657 -0.118126445 1.21607256 0
0.286820501 -0.0852876455 0.519391716 0
-0.548798919 -0.0383934937 1.2958734 0
-0.463225603 -0.178998768 1.1537447 0
-0.751886368 -0.0252350233 1.39303851 0
0.168103814 -0.00645518489 0.769635022 0
-1.02379322 -0.191353634 1.59661603 0
-0.705953956 -0.269151986 1.27409279 0
-0.957406163 -0.103042021 1.45619953 0
0.333377033 -0.065857619 0.488925725 0
0.160613537 -0.0403226428 0.558652222 0
0.325733602 -0.0419730321 0.50239712 0
0.168191954 0.0212865453 0.726878107 0
0.329227924 -0.0425677076 0.507385671 0
-0.586566269 -0.121857733 1.23142385 0
0.143484369 0.0336794294 0.298297763 0
0.168947905 0.0223470777 0.72761035 0
0.0538154654 0.0403878875 0.310684443 0
-0.494191468 -0.086468935 1.19290698 0
-0.137755066 0.0368747115 0.669861495 0
0.0445403941 0.0405121036 0.397422761 0
-0.525815368 -0.0366694778 1.24298143 0
0.046413593 0.0384568125 0.345506787 0
0.0432721525 0.0388637297 0.385733515 0
0.171085 -0.00581869017 0.733178318 0
-0.102279752 0.0158451851 0.267359495 0
-0.134394258 0.0368912481 0.598715901 0
-0.527999103 -0.0854144692 1.21567881 13
-0.00629132381 0.040933013 0.326407939 0
-0.34683156 0.0279333219 1.14767468 0
0.280855596 -0.204732478 1.1093154 0
-0.134251446 0.037075948 0.59809494 0
0.182616144 0.023681052 0.740106583 0
0.102138735 0.0395734012 0.430765122 0
0.101945885 0.0390703455 0.352316618 0
0.0432275385 0.0387417674 0.383391559 0
0.117582247 0.0448186174 0.485283762 0
0.101820759 0.0373387598 0.611359954 0
0.0458959937 0.0373389237 0.435871035 0
0.503251672 -0.140996814 1.32235336 0
0.14419663 -0.0551665649 0.758982718 0
0.152998954 0.0364744104 0.566277564 0
0.204415724 0.0475860983 0.601693153 0
-0.140933216 0.0376660526 0.678071737 0
-0.482717127 -0.0911406055 1.28292835 4
-0.473108023 -0.182709888 1.17639911 0
-0.582439184 -0.230324626 1.31439734 0
-0.747941494 -0.0238021687 1.387658 12
-0.757290363 -0.0855266005 1.39633322 9
-0.102591552 0.0159899443 0.230099857 0
0.0540591925 0.0409901589 0.295440376 0
-0.05047803 0.0476369746 0.539749205 0
0.169841439 0.0401360281 0.341579825 0
0.105283312 0.0424383022 0.363613546 0
0.175540164 -0.00498775113 0.706463516 0
0.612358987 -0.169036731 1.59038973 0
0.0495818295 0.0408707671 0.578426361 0
0.130445391 0.0357230119 0.631426215 0
0.172051281 0.0213035103 0.73683989 0
-0.523819983 -0.0830913112 1.21055841 5
-0.636214256 -0.149893597 1.25757635 0
-0.675419927 -0.227178484 1.23286605 0
-0.478644758 -0.185945362 1.18921578 0
-0.563471556 -0.222628951 1.27888119 0
-0.763801336 -0.0858806968 1.40252006 14
-0.105493709 0.0046145292 0.262898684 0
0.172080025 -0.00408480735 0.735959947 0
0.0473722517 0.0397364125 0.35559848 0
0.389925152 -0.209675968 1.23641384 0
-0.482836783 -0.0915592983 1.28478086 0
-0.456420451 -0.131161943 1.23418176 15
-0.119503833 0.0318144523 0.554590404 0
-0.103173077 0.00955027901 0.266299665 0
-0.958779871 -0.116958596 1.53556073 5
-0.102584437 0.0158364009 0.230281547 0
0.0997796953 0.0381345563 0.421110034 0
-0.466875046 -0.16670382 1.22742307 0
-0.379571378 -0.166008204 1.105896 0
-0.13659355 0.038485609 0.511613667 0
-0.922799945 -0.101873279 1.67406499 0
-1.05344462 -0.166965172 1.66493475 0
0.174625739 -0.0691415295 0.728057981 17
0.0460402928 0.0403169356 0.390251487 0
0.380335242 0.0868225917 0.869549751 0
0.227774724 0.0282342974 0.525501609 0
0.226094648 0.0278951097 0.521909952 0
0.35843581 0.0156788547 0.529991925 0
-0.491166681 -0.0970154628 0.686406553 0
0.164291427 0.0380121805 0.346629918 5
0.172242627 -0.0437328964 0.569486976 2
0.305306137 -0.0683896542 0.515403926 0
0.174633697 -0.0403683931 0.568176091 0
0.306184918 -0.0687826946 0.516724169 0
0.166480467 0.0385169871 0.350683242 0
-0.135322809 0.0424979255 0.392443746 0
0.305016607 -0.0889453292 0.510351002 0
-0.491759062 -0.0965984911 0.687293231 0
0.101842478 0.0384566784 0.372971535 0
0.354231834 0.0231185816 0.564278781 0
-0.13371633 0.0418679416 0.387728125 0
-0.101800129 0.00845104642 0.235527158 0
0.170643061 -0.00807354413 0.570310652 0
0.343343616 0.0249930229 0.560003042 0
0.226044014 0.0276900977 0.522728622 0
0.169636756 0.0392143801 0.358866394 0
0.164099023 0.0382764339 0.544275165 0
0.100110799 0.0412439108 0.349850625 0
-0.0402909778 0.039142061 0.382798642 0
-0.137496799 0.0399499163 0.525285959 0
-0.131047606 0.0408112518 0.360745698 0
0.0847163945 0.0294972006 0.47381407 0
0.0440124981 0.0395921953 0.387721449 0
0.156267911 0.0356559381 0.523455322 0
0.171453252 0.0220529698 0.570823371 0
-0.105117515 0.0176919587 0.272649109 0
-0.136420175 0.0390560664 0.516558528 0
0.154264599 0.0367521308 0.570190251 0
-0.13546598 0.0424330384 0.386588961 0
0.0975462496 0.0394399129 0.336451411 0
-0.141413346 0.0415939949 0.496581435 0
-0.465642631 -0.235474676 1.20371318 0
0.164211139 -0.0406316966 0.570522904 0
-0.135279283 0.0402637273 0.468228608 0
0.328380257 0.0239339527 0.555367768 0
0.496361464 -0.185971797 1.34190214 0
-0.725394487 0.015624891 1.33373797 0
-0.723359048 0.0156892184 1.33070815 0
0.151124462 -0.0124328323 0.938071251 0
0.171971738 -0.0426122099 0.592688024 0
-0.133045465 0.0338827036 0.754806578 0
-0.214295343 0.0422342308 0.505072176 0
0.0542110875 0.044759009 0.389948875 0
0.116332904 0.0430069529 0.497851133 0
-0.0408109054 0.0405283496 0.391910255 0
0.168553025 -0.0438318998 0.570357621 0
-0.477607787 -0.214188829 1.15663707 0
-0.449226886 -0.226780474 1.16152358 10
0.086796619 0.0345271192 0.357857406 0
0.162759945 0.0368981026 0.439478368 0
-0.0409626216 0.0411394574 0.396314025 0
0.0440310799 0.0403682068 0.397356272 0
-0.742730618 -0.0213209055 1.14116514 0
0.529981434 -0.193002343 1.41217232 0
0.0439719371 0.0373968109 0.555812418 0
0.165528059 0.0373647995 0.41357103 0
0.102491766 0.036518503 0.599297643 0
0.103306167 0.0396432951 0.356390029 0
0.312510371 0.0266874935 0.560280621 0
-0.223189756 0.0423853099 0.59577626 0
-0.222539291 0.0440244265 0.518579602 0
-0.0408278964 0.0379104353 0.433389366 0
0.162046894 0.0389773399 0.364502728 0
-0.726099074 0.014801464 1.33464777 0
-0.660900295 -0.203680173 1.2303257 0
0.102691188 0.0385212153 0.396863759 0
0.352326691 -0.25527963 1.39153314 0
0.163016111 0.0391546786 0.365595073 0
-0.22218965 0.0420899279 0.594888389 0
0.162248254 0.0389370397 0.363820046 18
0.317393333 -0.0515921265 0.493859887 0
0.0423056185 0.0349247456 0.529657006 0
-0.22130923 0.041984085 0.594237983 0
-0.528547168 -0.229717582 1.17949033 0
-0.359425902 -0.214997217 1.08211112 0
0.154092386 0.0367408022 0.565862954 0
0.293663591 0.0218270831 0.528993726 0
-0.220775008 0.0446545109 0.457711786 0
0.301181793 0.0276061464 0.566430926 0
0.184625596 -0.156387538 0.913622797 0
-0.60441041 -0.0581596456 1.04295981 0
0.046102602 0.0379308872 0.342937648 11
-0.348433316 0.00895556901 1.14846408 0
-0.735620141 -0.0401037261 1.13622379 0
0.186791539 -0.185723782 1.06707013 0
-0.0984427184 0.0341361724 0.793466508 0
-0.13471806 0.0399532765 0.524216175 0
-0.0399156697 0.0394295156 0.384969413 0
-0.0416777693 0.0389480703 0.438551873 0
0.164496943 0.0373789966 0.389444917 0
0.103829958 0.0373338163 0.610635936 0
0.160522163 0.0385912023 0.361912578 11
0.146204352 0.00883165747 0.759026408 0
-0.605677187 -0.164019957 1.26762831 0
0.153106645 0.0368355736 0.564965844 0
0.205144241 0.0467842743 0.526240051 0
-0.630052686 -0.0887286663 1.24525976 0
-0.567355931 -0.0724015459 1.24242461 2
0.225111336 -0.190501094 1.12383974 0
-0.781104684 -0.0729426295 1.31480205 0
0.162796065 0.0377028733 0.539053917 0
0.192122266 0.0440755188 0.465047181 0
0.101057649 0.0381267294 0.372963428 0
0.14802292 0.0568490364 0.532044649 0
-0.858467877 -0.246409208 1.63470674 8
0.157389969 0.0354597345 0.623907268 0
0.151147738 0.0161638577 0.761632025 0
-0.630016208 -0.181092933 1.23736691 0
-0.400447965 0.0457037613 1.06876647 0
-0.0430862792 0.0401962996 0.481067151 0
0.153347015 -0.0148830218 0.944652796 0
0.161162779 -0.00583646772 0.746557474 0
-0.269923657 -0.198830932 1.17777264 0
-0.638445675 -0.18485342 1.19107533 0
-0.739094138 -0.0418887883 1.13879848 0
0.140652224 -0.196138486 1.11048448 0
-0.544992924 -0.18175438 1.28514993 0
0.147981957 0.0131103573 0.756952405 0
-0.637279689 -0.0913884714 1.25311112 0
-0.741521478 -0.0404221974 1.1454258 0
-0.342992693 0.0309456643 1.11531436 0
-0.224217355 0.0451843105 0.463346362 0
-0.996437848 -0.180741519 1.54961026 0
0.308667451 0.0265807286 0.553258538 0
0.10286364 0.0390691645 0.379106581 0
0.0990687087 0.0365326218 0.425907671 0
1.22164369 -0.516627848 2.62416458 0
-0.628742933 -0.180959105 1.23452604 0
0.0443590432 0.0407599919 0.399215937 17
0.165104851 0.0367399342 0.651483297 0
0.221427828 -0.194520801 1.10337818 0
-0.348009586 -0.205269456 1.10456491 0
0.150240749 -0.210597798 1.19646943 0
-0.424894661 -0.198721796 1.51113343 0
1.25747907 -0.509647489 2.54679108 0
0.159653738 -0.0400251746 0.557326436 0
-0.632612288 -0.163130417 1.23136365 0
0.133602723 -0.0331651531 1.03217292 0
-0.600610197 -0.213361427 1.30863047 0
0.135856196 -0.0924323797 1.04647338 16
-0.738650739 -0.0243949462 1.42345452 0
-0.60354048 -0.145794809 1.1991744 9
-0.660903871 -0.0906550661 1.2915647 0
-0.976795375 -0.176528305 1.5202651 0
-0.128795743 0.0378215648 0.454894692 0
0.105577722 0.0366442949 0.978426337 0
0.0811740905 0.0304423384 0.382897198 0
-0.512108326 -0.0581021197 1.35618126 0
0.285932839 -0.223832771 1.33852601 0
-0.469709039 -0.136094466 1.26297629 0
0.169584513 0.02033934 0.728357792 0
0.367328286 -0.227840096 1.30778503 0
-0.306058913 -0.0630079061 1.05867803 0
-0.358832598 0.0109759895 1.18446767 0
-0.477211624 0.0140519645 1.7828182 0
0.123237126 -0.0616773479 1.05865145 2
-0.152958691 0.0377764814 0.883748889 0
-0.615965426 -0.235713482 2.18217897 0
-0.222112626 0.0361357741 0.926246464 0
0.101423688 0.03982611 0.383998036 0
-0.708149552 -0.150207981 1.43337953 0
-0.348473459 0.0284477025 1.1483748 0
-0.133438215 0.0341154896 0.755049169 0
-0.21748738 0.0381112136 0.743792295 0
0.180361629 -0.0342054442 0.742367744 0
1.18312645 -0.456838727 2.62331891 0
0.157612175 -0.0169786699 0.967729151 0
-0.568553686 -0.121991709 1.1807282 0
1.21198738 -0.525995016 2.56612921 0
-0.641061902 -0.186475635 1.23493826 0
-0.613059819 -0.13933824 1.21503294 0
-0.137994826 0.0357277989 0.667008698 0
-0.131336257 0.124059036 1.39667237 0
-0.61149013 -0.108704083 1.23423862 0
0.162439808 0.0372484103 0.490642935 0
-0.448640555 -0.127357796 1.60877407 0
0.168675855 -0.174313068 1.00149965 0
-0.0461487137 0.0428922102 0.49097845 0
0.17968744 -0.0337112658 0.741698921 0
-0.733077049 -0.0265785083 1.42095935 0
1.25125945 -0.543457985 2.64455104 0
-0.278474718 -0.203815863 1.08027875 0
-0.320294768 0.0224388577 1.07516992 0
-0.364392072 -0.178490832 1.09632969 0
0.230828315 0.0121789118 0.533357024 0
-0.56490469 -0.109091885 1.18391204 0
-0.535378933 -0.195292592 1.21807075 0
0.159467101 0.0381844491 0.583589733 0
0.0488444231 0.0387840793 0.438670456 0
-0.609227002 -0.0492163375 1.32028282 0
-0.690084755 -0.0448000059 1.09079683 0
-0.765642107 0.0213928372 1.16408801 0
-0.612175643 0.0212637652 1.33976424 0
0.099689886 0.0390286185 0.470129311 0
-0.716798842 -0.0444999486 1.12932777 0
0.226791695 -0.00333403004 0.893207371 0
-0.547953606 -0.0432888381 1.29146659 0
0.11184638 -0.0604841374 1.05778968 0
-0.041158203 0.0398108922 0.480359852 0
-0.62165457 -0.0462689288 1.27117419 0
0.158053234 -0.115402713 1.08242702 0
-0.49543792 0.032156989 1.31596494 0
-0.617281795 0.0250390805 1.34887862 0
-0.314484358 -0.127945185 1.06713283 0
0.145880982 -0.0525580123 0.75903964 14
-0.567888737 -0.120797575 1.17517066 0
-0.742824614 0.0473160334 1.15923786 0
-0.493503422 -0.0860935375 1.25714231 0
0.108904988 -0.181815147 1.10641158 0
0.165026471 0.0370137244 0.432467282 0
0.133895144 -0.0344352648 1.03912902 0
-0.734588683 -0.237105712 2.45686722 10
-0.769610465 0.00307660503 1.15071785 13
-0.224497736 0.0414639488 0.667048216 0
-0.440216392 0.0245257765 1.82410336 0
-0.742587507 0.0376168787 1.16747594 0
0.0474759452 0.0390547961 0.452459425 0
-0.258444816 -0.294636995 1.44484234 0
0.0442507938 0.0407429785 0.398922324 18
-0.535643399 -0.10805963 1.25716889 0
0.16229409 0.0386471935 0.36242339 0
-0.769251943 0.0339752436 1.14469707 0
-0.134464204 0.0402690917 0.462183207 0
-0.775810599 -3.88845656e-05 1.12416506 0
0.0470527932 0.0368570723 0.729201198 0
0.228848234 0.0230837148 0.52827841 0
1.27856457 -0.463891119 2.62501192 0
-0.434329242 0.0532238372 0.84913671 0
0.242977783 0.0127567761 0.553592682 0
0.102039181 0.0384599119 0.370118201 3
0.10595765 0.0381155126 0.62491852 0
-0.771136701 0.0349537209 1.15345645 0
-0.612755299 0.0257969871 1.3410151 0
0.164917514 -0.185975686 1.10507834 0
0.163763821 0.0374532677 0.473065853 0
-0.0538203977 0.0127291391 0.352070719 0
-0.761713684 0.00404214766 1.14030612 0
-1.0023973 -0.185384944 1.56061673 0
-0.620869458 0.0249096006 1.3540678 0
-0.726116061 -0.0261026192 1.40756416 0
0.172292143 0.0259062052 0.570883453 0
-0.0941296294 0.0324697718 0.773873627 0
-0.135836482 0.0350517891 0.761294186 0
0.334583789 -0.262408912 1.36620569 0
0.171285644 -0.175027296 1.0121001 5
-0.287834793 -0.201551214 1.2359165 0
0.171028778 0.024674369 0.569075465 0
0.142609999 -0.200701892 1.14536464 0
-0.725229323 0.0151989376 1.33064139 0
1.52872801 -0.544869363 3.03625035 0
0.177489772 -0.0482305586 0.591375649 0
-0.478718936 -0.0130882896 1.79120779 0
-0.0969719663 0.0338160992 0.78173089 0
-0.746579766 -0.023340473 1.38764107 0
-0.226374716 0.0416354984 0.670225084 0
-0.566009581 -0.145199731 1.24011946 18
1.22110808 -0.468204737 2.70368695 0
-0.613567114 0.0261465013 1.34191287 0
-0.617535412 -0.083860673 1.26745641 9
-0.750353932 -0.0847610906 1.38990462 1
0.157481432 0.0353737026 0.693787277 0
0.115571953 0.0434973203 0.425462306 0
1.22009325 -0.458547413 2.60697746 18
0.094650127 0.0343593135 0.944015682 0
1.24103963 -0.441157669 2.48872161 0
-0.623976588 -0.178814828 1.15478265 0
0.386137277 -0.269980669 1.53810716 0
-0.521442235 0.0325136036 1.32215691 0
0.089139387 -0.197808042 1.06765747 0
0.0425394513 0.0376612395 0.467397511 0
-0.40185681 0.0456934199 1.06948674 0
1.2093972 -0.379713058 2.56803107 0
-0.652207375 -0.0810818598 2.26758099 14
-0.428126246 -0.0660373941 2.22265863 18
-0.610099375 0.0439334065 1.18186545 0
-0.526441932 -0.168451563 1.2949245 0
1.20551097 -0.356882423 2.65434194 0
1.0137893 0.0299505144 1.88176835 0
0.0449705757 0.0340302922 0.677959859 0
0.155850634 0.0374227613 0.568209529 0
-0.66237998 -0.154999688 1.30465138 0
0.495637 -0.178826451 1.33699584 0
-0.687361181 -0.166337162 2.73062801 11
0.121061333 -0.179647088 1.1421833 0
0.0438780189 0.0350874513 0.716321588 0
0.0444061309 0.0380137414 0.562238753 0
-0.683726728 -0.0536195077 1.09667993 0
-0.753684521 -0.0305083245 1.30872893 4
1.46298635 -0.510824919 2.59458256 0
-0.508212686 -0.16368477 1.24970531 0
-0.626205742 -0.0859273598 1.27801788 0
-0.607180834 -0.113668278 1.22758591 17
0.164213076 0.0374693722 0.491080612 0
-0.596576929 -0.103823021 1.24443734 0
0.167308822 0.0384477228 0.53614229 13
0.00911924802 0.0385940298 0.491263092 0
0.17488052 -0.0300428309 0.742769063 8
0.114682041 -0.0632546991 1.07467818 0
0.0482145324 0.0378070287 0.523327708 0
-0.526547551 -0.169740871 1.5013473 4
0.0440189801 0.0335063599 0.584847689 0
0.0989199355 0.0372381248 0.608902931 0
-0.0416864417 0.0372562669 0.51733315 0
0.206087202 0.0210294686 0.565454066 0
0.0877238587 -0.187697962 1.10815728 0
0.225985259 0.0119495355 0.528563797 0
0.135794848 -0.0926774442 1.05069113 2
-0.753433406 -0.0462288 1.24231207 2
0.166570276 0.0380675085 0.624111891 0
-0.265601546 -0.269264072 1.43364429 0
-0.361583382 -0.154984191 1.09910357 0
-0.645775974 -0.226870134 1.26233232 0
-0.72480768 0.0355365686 1.4168855 0
-0.486699432 -0.0943209678 1.28701353 15
0.155501246 -0.0134265106 0.959547281 0
0.0894936472 -0.0739168152 1.08010614 12
0.139046863 -0.0327794403 0.747469366 9
0.146147445 0.00896526407 0.758245945 0
0.167210191 -0.0382137485 0.570603848 0
-0.991951168 -0.116645999 1.5723834 0
1.17370164 -0.397440612 2.62244511 17
-0.0419391803 0.0390719995 0.439340919 0
1.30539954 -0.475567877 2.68371058 0
-0.322977155 0.00628454797 1.53423166 0
0.368723124 -0.260161638 1.37828493 0
0.164726406 -0.00687713036 0.769366026 0
1.21615505 -0.345033497 2.68302035 0
-0.612392962 0.048332803 1.01392353 0
-0.445402622 -0.386215538 2.56045723 13
0.10099072 0.03748421 0.407342523 4
0.171088099 -0.0400529988 0.581505001 0
0.0505138151 0.0405101478 0.448721945 0
0.453913182 -0.194015592 1.35498619 0
0.364661306 -0.256281674 1.36482763 0
-0.22487697 0.0440012366 0.520963848 0
0.107859328 0.0399009809 0.467174858 14
0.23475945 -0.0526219644 0.734340966 0
-0.325255692 0.0376484878 1.12635958 0
-0.332992256 0.00238616671 1.57712185 0
-0.182925835 0.0550228357 0.638553143 0
-0.356947333 -0.184660152 1.10378623 8
-0.403035313 0.00979274139 1.61473751 0
-0.43375048 0.0226905327 1.80280948 0
0.249950141 0.0323173106 0.523540199 0
1.25867069 -0.44965598 2.5240171 0
-0.0406075977 0.0380897895 0.468849033 0
-0.743489385 0.000330942101 1.14173734 0
-0.0414942987 0.0399343632 0.480912298 0
0.171024308 -0.0306874979 0.571643114 0
0.151345655 0.0346218199 0.492784142 0
0.131012708 -0.0309267156 1.00388825 0
0.165771574 -0.00323509076 0.646352172 0
0.464336902 -0.264831305 1.47172213 0
-0.74669826 0.0254468527 1.42210889 0
0.166701138 -0.00316846254 0.64715606 0
0.169788241 0.0389166959 0.501399934 0
-0.545627236 -0.179604098 1.86429155 18
-0.421165466 -0.0638708025 2.19684076 0
-0.591954589 -0.10185574 1.19065189 15
-0.51101017 -0.167145088 1.2057265 0
-0.1243347 0.0362837613 0.492685258 0
0.0454047471 0.0356129333 0.511215329 0
0.0914774761 0.0337211899 0.412960559 0
0.463913113 -0.196507692 1.37747753 0
-0.528381526 -0.000334569981 1.26430941 0
0.408776671 -0.231573746 1.44598746 0
-0.699692488 -0.0419161767 1.10969436 0
-0.352981687 0.00318023399 1.6521734 0
-0.739988148 -0.00256855879 1.19004583 0
0.170149595 0.0228011683 0.730369806 0
0.403889447 -0.248854324 1.42724478 0
0.209350109 0.0291993283 0.559343934 0
0.220798403 0.0329687186 0.564096034 0
-0.400121778 -0.354374319 2.49438882 0
0.171427146 -0.0114452569 0.733932972 0
0.152696237 -0.0715949237 1.0543313 7
-0.0409790464 0.0363737941 0.51734215 0
-0.257470697 -0.189436436 1.11965251 0
0.222679883 0.0112982765 0.522825599 0
0.136985108 -0.0239880346 1.01611388 10
0.144104272 0.00720476313 0.762313247 0
-0.730018258 -0.0898113996 1.44605243 0
-0.191055372 -0.194212809 1.23038018 0
0.165041983 -0.00343837868 0.645104885 0
-0.417256713 -0.0136380233 1.81161857 0
-0.107664973 0.00373497815 0.834091842 0
-0.579016984 -0.230342224 2.36659217 2
-0.545874 -0.000682706188 1.30407214 3
0.600858569 -0.082405962 1.02639592 0
0.423320711 -0.216138601 1.43934143 0
-0.553233862 -0.0405492745 1.30347729 0
0.162035927 -0.0414050631 0.737355173 0
-0.627320826 -0.179388627 1.15882576 0
-0.447301716 -0.12797156 1.21248269 0
-0.752426684 -0.0452412032 1.24925697 0
-0.64598161 -0.219638497 1.20153487 0
-0.730385065 0.0326298401 1.42278457 0
-0.238978848 0.0473050252 0.541179597 0
-0.346737802 0.00893149711 1.14642811 0
-0.426556945 0.0203597248 1.7763828 0
0.13147521 0.0364178531 0.631463945 0
-0.738096118 -0.0924907923 1.45926952 0
-0.737441897 0.0279360302 1.40959179 0
0.0968692452 0.0248687584 0.827048957 0
-0.599338412 -0.141208112 2.03236985 0
-0.648128629 -0.16652371 2.02632904 0
-0.170470595 -0.170637697 1.09023559 0
-0.628236175 -0.0752943382 1.2692672 0
-0.468021154 -0.125416934 1.24331272 0
-0.347812802 0.00879113469 1.14711154 0
-0.492398679 -0.0839008391 1.26521766 0
0.129865915 -0.0128680859 0.773429573 0
-0.688903034 -0.0537952073 1.10319269 0
0.39444828 -0.224150494 1.40761042 0
0.0975745246 0.0347056687 0.941316545 0
0.470220417 -0.196758151 1.33747375 0
-0.586321235 0.0305281598 1.32095826 0
0.048194658 0.0372801833 0.515737414 0
-0.525607288 -0.0250275973 1.27029157 5
-0.267501742 -0.220759287 1.23051429 0
-0.61614418 0.0441807546 1.18950498 0
0.470949799 -0.24387157 1.46441829 0
-0.11242 0.00310551375 0.89572221 0
-0.684495032 -0.151996747 2.22152925 8
-0.642033577 0.0503771044 1.15338635 0
0.173688233 -0.0439171009 0.570806444 0
0.162188709 0.0370432213 0.61397177 0
0.170766756 -0.0442214198 0.57266587 0
-0.433732182 0.052465301 0.848385572 0
-0.596777916 -0.143579394 1.19651628 2
-0.225099191 0.0367595479 0.934612453 0
0.160078838 -0.0199529231 0.742727578 0
0.169626385 -0.00526574859 0.729335427 0
0.0728694052 -0.0783641636 1.0691787 11
-0.649475336 -0.0913591385 1.31167221 0
-0.265583009 -0.185235709 1.10508704 0
0.122172624 -0.0388667136 1.10348678 15
1.31911969 -0.442407787 2.39540005 0
0.170659378 -0.0424918048 0.566465259 0
0.511561096 -0.0665271208 0.956148207 0
-0.182186261 0.0396037176 0.636867583 0
-0.097532928 0.0340025611 0.78196007 0
1.65194714 -0.435812175 2.70228982 0
0.16963619 -0.00540889753 0.729376078 0
-0.0177882891 -0.00401314069 0.328402787 14
0.130575493 0.0357821845 0.688045323 0
-0.336966962 0.0286060777 1.14136767 0
0.147895277 -0.0163751077 0.846485913 0
0.14444077 0.0337613672 0.749784052 0
0.15297921 -0.0292546004 0.738448143 0
-0.578452647 -0.0848286822 2.22589111 9
-0.487797052 -0.085152857 1.24895704 3
-0.134421915 0.0369147398 0.670019984 0
-0.381020099 -0.206761062 1.33466148 0
-0.043038588 0.0395559222 0.668951511 0
0.137454152 -0.0959037989 1.06445837 0
0.0853433385 0.0300709233 0.540997148 0
1.23485184 -0.317252964 2.15029669 0
-0.227450132 0.0361256525 1.01444042 0
-0.743105352 -0.0427246429 1.24407232 0
0.146663442 0.00883890316 0.759550393 0
-0.747598767 -0.0436163582 1.2476784 0
-0.135344088 0.0350744948 0.757238865 0
-0.221714944 0.0392552875 0.75081414 0
-0.775421917 0.0381918587 1.52971339 0
0.177687153 -0.0386990719 0.568893731 0
-0.702994108 0.0173525661 1.23199224 0
-0.0410223901 0.0392413735 0.477910757 0
0.1669835 0.0315204524 0.569415569 0
1.20323765 -0.412025213 2.5917182 0
0.097932227 0.0365735404 0.602611661 0
0.170968905 -0.0571002737 0.737249672 5
-0.735955238 -0.0230473448 1.28391683 0
-0.283456057 -0.175745919 1.16274309 0
-0.505272508 0.00439455872 1.31667936 5
-0.668681502 -0.116249323 2.50636363 0
-0.584830523 -0.28939724 2.52692294 17
-0.571878672 -0.223410279 2.3247292 7
0.508669972 -0.0663680285 0.952052176 0
0.110617593 0.0429042019 0.580592871 0
0.13601166 -0.0583248772 1.087672 0
-0.563116193 -0.107380666 1.18512392 0
0.415089339 -0.149348289 1.17045617 0
0.164701253 0.0386025198 0.547644556 3
0.150894091 0.0372392833 0.568672359 0
-0.341348886 0.0206011888 1.61662889 0
-0.614474654 0.0251717232 1.34390676 0
-0.618817747 0.0250498597 1.3505547 0
0.198877394 -0.0330406092 0.732225776 0
-0.649481416 -0.0521922074 1.10128939 0
1.48211622 -0.481248975 2.5898819 0
0.157652572 0.0355400555 0.694291651 10
-0.565586329 -0.145515993 1.24075365 0
0.171630815 0.015143346 0.6363554 0
1.19349957 -0.380437404 2.54832458 0
0.163798153 -0.0026855208 0.641538024 0
-0.454064399 -0.0260505415 1.82183027 5
-0.526835382 -0.131087631 1.20541501 14
-0.514535189 -0.0476388223 1.27336073 0
-0.76282537 -0.0462941192 1.26120496 13
0.148145482 -0.0539615825 1.03172576 6
0.158110946 0.0195238218 0.737116754 0
0.51227957 -0.0668761805 0.957179487 0
-0.134333059 0.0399869569 0.524394572 0
0.439294904 -0.159904987 1.23247325 0
-0.735341966 -0.0222582351 1.36665833 0
-0.523677588 -0.159928173 1.93176019 3
-0.237737894 0.0466861241 0.538839698 0
0.170716211 -0.0376580544 0.566717029 0
-0.106292352 0.00014006444 0.891522646 0
-0.746698976 -0.0293385331 1.2977668 0
1.29520309 -0.529806077 2.64984536 6
-0.441236705 -0.0376365818 1.78384531 16
-0.416647762 -0.0152666178 1.80784798 0
-0.135349095 0.0372000597 0.602586508 0
0.226798743 -0.191837892 1.13116598 0
0.155782387 -0.0772264451 0.782678187 0
0.153094411 -0.0293039959 0.738357842 0
-0.741668642 -0.0692240149 1.25960171 0
-0.710595787 0.0357179008 1.34448659 0
-0.710174978 0.0130947912 1.3072803 0
0.15382044 -0.0496848077 0.953114986 0
0.171298981 0.0263973866 0.569525361 0
0.130838275 0.0330178626 1.00498188 0
-0.514792681 -0.0922801346 1.86420751 9
0.571703255 -0.0717062429 0.979450345 0
0.0987206176 0.0370963141 0.60681963 0
-0.121122696 0.029957179 0.717547834 0
-0.424954504 -0.062976636 2.2152524 0
-0.220031351 0.0419380777 0.590417802 0
-0.755541205 0.0013715208 1.16173708 0
-0.333801895 0.0155816479 1.58529675 0
0.132487312 0.0366424322 0.633767486 0
-0.225720316 0.0411946923 0.667941868 0
0.172403306 0.0261248648 0.5714854 0
-0.0430310071 0.0385088548 0.524444163 0
-0.135207996 0.0377813242 0.5965693 0
0.0994623452 0.0374011733 0.610025704 0
0.473820388 -0.180989757 1.33915997 0
-0.477453142 -0.0119882924 1.78447199 0
-0.436136186 -0.0375821888 1.76382661 0
0.043199297 0.0371679217 0.557184517 0
-0.610627294 -0.104805663 1.23316216 11
-0.350142926 0.00764148496 1.1496191 0
-0.997240245 -0.114803359 1.57719803 0
-0.683868587 -0.0540284514 1.09952223 0
-0.647879958 -0.090121299 1.27618074 0
0.103272818 0.0374762379 0.53817153 0
-0.53559494 -0.118232347 1.19380033 9
0.15308255 -0.0630315542 0.758449912 0
-0.717750311 0.0163499601 1.25332272 0
0.191882104 0.044964999 0.562384307 0
-0.696080446 -0.130477637 2.48387957 18
0.536989212 -0.20045875 1.47278166 0
-0.14021349 0.035258323 0.850615442 0
-0.347440869 0.00714962929 1.1450386 0
0.187091321 0.0437004454 0.566761076 0
0.180268377 0.0413304828 0.542076528 0
-0.541344881 -0.0799764842 2.11826158 0
0.197838172 -0.0320576504 0.729635954 0
0.141340822 -0.0533417426 1.06489885 0
-0.331438214 -0.162081942 1.09030294 0
-0.0410353541 0.0362784602 0.522477329 0
0.194576547 -0.0325093083 0.72489512 0
0.163188532 -0.0240448229 0.74366039 0
0.175632432 0.0330624096 0.556391597 7
-2.46562028 -0.387104034 3.54654384 0
-0.735302091 0.0302315522 1.41275489 0
-0.354278862 -0.073527582 1.25130367 0
-0.532843232 -0.0458069593 1.27283347 0
-1.9637599 0.417069435 2.84694409 0
0.167671621 -0.0119409971 0.729213953 0
0.128027156 -0.028684862 0.761301935 0
0.153012678 0.0377296805 0.572300315 18
-0.613853991 -0.176544666 1.16396666 0
0.163729638 -0.0174271632 0.961617112 0
0.223803833 0.0875260383 0.865236878 0
0.112366199 -0.0595705174 1.06100321 0
-0.136180416 0.0378894694 0.644222796 0
-2.60916257 -0.415308088 3.74236107 0
-0.637651563 0.0510587618 1.147174 1
-0.726218462 -0.000840681547 1.39550662 0
0.156152859 0.0359275527 0.716730058 0
-0.500049829 -0.288030326 2.74851441 0
0.472483307 -0.212515652 1.38339937 0
0.0429093391 0.0362784564 0.638329387 0
-0.686025143 -0.0622694343 1.35499752 0
-0.341582835 -0.143104509 1.10555971 1
0.16670087 -0.031683255 0.569676757 0
0.406625062 -0.250633776 1.43319464 0
0.171343923 -0.00442324253 0.686480403 0
0.0433220305 0.0349587537 0.716890216 0
0.099351719 0.0376015119 0.610868394 0
-0.136475429 0.0346457809 0.844496965 0
-0.579836369 -0.423419118 2.58163142 18
0.138812765 -0.0325878784 0.74658376 0
-0.0942582786 0.0248189084 1.24421537 0
0.150580242 -0.0762955621 0.759110212 0
0.17045325 -0.0310772322 0.570524931 0
0.191173628 -0.0605881549 0.749089062 0
-0.133391827 0.0361984782 0.660673857 0
-0.546779096 -0.0566455685 1.24689627 0
0.150237069 0.0271627232 0.726320565 0
0.144333273 -0.106838018 1.0989598 0
-0.49545297 -0.136551604 1.22151327 6
0.15163143 0.0371703207 0.568904638 16
1.26336312 -0.471094102 2.68364453 0
-0.403928399 0.045686435 1.07346916 0
0.174669802 0.0377869159 0.668888509 0
0.0732592046 -0.0858271569 1.17418885 0
-0.227018163 0.0405876115 0.759318233 0
0.164986655 -0.0394831486 0.572740197 0
0.17935203 -0.0397169143 0.746631384 0
-0.225305185 0.0417168923 0.668501198 0
0.176409408 -0.040000014 0.587930262 0
0.313693613 -0.0643724948 0.784134984 0
0.163936123 0.0380847082 0.625973582 1
0.21131447 0.0816095695 0.780441642 0
-0.101646267 1.74778361e-05 0.88456732 0
-0.050894279 0.0379539356 0.607227862 0
0.044129923 0.0330593698 0.816943169 0
-0.444576472 -0.260437757 2.29576015 4
-0.0394579247 0.0357843935 0.646164238 0
-0.330025494 -0.142651454 1.10911596 0
0.136036426 0.0310860425 1.08191001 0
0.169175819 -0.043749243 0.569836557 0
1.03847146 -0.235376403 2.00787044 0
-0.61902225 -0.178508863 1.22385979 0
-0.43127504 0.0472896993 1.01786721 18
-0.450389385 -0.0345260054 1.2288866 0
-0.730741799 0.0251500029 1.40003884 0
0.148043707 -0.0744480714 1.06255889 0
0.164261132 0.0377649702 0.61714536 0
-0.394791037 0.043024227 1.16075301 0
-0.562163532 -0.117039464 1.20024347 18
-0.532770038 -0.162140489 1.17109478 0
0.159785122 -0.0114092482 0.712776721 0
0.0778802559 0.0366704985 0.628693402 0
-0.77849859 -0.0858259872 1.41643548 0
0.0780995041 0.0367893167 0.629912257 0
-0.223685831 0.0398237482 0.753932238 0
-0.606324315 -0.0807140544 1.25710571 13
0.493142158 -0.0657370985 0.929879367 0
0.17274414 0.02652633 0.572038591 0
0.16187565 0.0368654616 0.612750769 0
-0.714050829 0.0193974599 1.24508119 0
-0.625485539 0.0503152087 1.1331892 1
-0.433279514 -0.0661957338 2.23994493 0
-0.477020293 0.0138167245 1.77898991 8
0.16520457 0.0340063758 0.692252696 0
-0.605941892 0.0501118414 1.11002934 0
0.157401994 -0.0318152979 0.961446404 10
-0.525349796 -0.167661279 1.29558015 3
-0.975831866 -0.119759224 1.55496275 0
0.152379781 -0.0163172595 1.01868248 17
0.108686537 -0.100885727 1.03838468 0
-0.605897605 -0.081644766 1.25174749 6
-0.41691497 0.0449276678 1.16800761 0
0.219663531 -0.170673862 1.10207033 0
-0.751055896 0.00354007049 1.39164197 0
-0.752110779 0.0253700856 1.43265021 0
0.102450527 0.037505962 0.539981782 0
-0.134026393 0.0367545858 0.667873025 0
0.871871948 -0.29216969 1.95961571 0
-0.702834606 0.0179773513 1.23188877 0
-0.105386496 0.000281024229 0.890708387 5
1.80125272 -0.50280422 2.67569757 0
0.171781406 -0.0386031419 0.570835114 1
-0.549709022 0.0214458089 1.30391121 0
-0.504318655 0.0400195979 1.32506347 0
0.164363682 0.0374904498 0.490516871 0
-0.555823743 0.0303498823 1.30448568 0
-0.506688237 -0.0366350599 1.36834323 0
-0.507044494 0.0135590564 1.31399 0
-0.524717391 0.0208746102 1.30430758 0
-0.361016035 0.0453518182 0.943304598 0
-0.517485082 0.00330018857 1.2910918 0
0.161082476 0.0346998386 0.642327547 14
-0.534136057 -0.102141507 1.14663184 0
1.08131766 -0.212994635 1.92031717 0
0.0467505865 0.0350022577 0.682389081 0
0.137512222 0.0341412835 1.00371253 0
0.1605234 -0.0511632785 0.738372922 0
0.0443117991 0.0369877778 0.643278599 0
0.144918084 -0.0519471318 0.755293906 14
-0.427311361 -0.0168511216 1.77363527 0
1.05065334 -0.239854783 2.0173955 0
0.142574981 -0.0625593886 0.810309291 4
0.141433954 -0.00939878821 0.756509602 0
0.409030139 -0.252531588 1.44041228 0
-0.349927187 0.00830101036 1.14929295 0
0.168375641 -0.184268057 1.14642847 0
0.147294164 0.0265979134 0.719060481 0
-0.129926041 0.0359932631 0.599480033 0
-0.135262355 0.0378227383 0.596118569 0
-0.543525755 -0.104130007 1.16035652 0
0.0437717699 0.0334645025 0.795467854 0
-0.0722225234 0.0365997255 0.584389687 0
-0.0498806685 0.0396910608 0.667623103 0
0.173074841 -0.0314616784 0.741459906 0
0.144029751 0.00739679346 0.761559129 0
0.137028828 -0.0238545164 1.01716769 0
0.162719458 -0.0412257761 0.738684177 0
-0.0384935848 0.0345837846 0.634260237 0
-0.607216477 -0.113978699 1.22758949 0
-0.406963348 -0.373329401 2.6530993 0
0.143536851 0.0115304571 0.966877699 0
-0.754819751 0.00481110718 1.39771748 0
-0.570717692 -0.119336598 1.21126688 0
0.123583607 -0.0388604701 1.1104933 9
-0.419672251 -0.322394729 2.52641225 0
-0.46209386 -0.178960904 1.15927792 0
0.150107056 0.0271694046 0.726859868 0
-0.345746338 0.0406501219 1.16801596 0
-0.513751388 0.0133113936 1.77042878 13
-0.72328198 0.0362466983 1.41634893 0
-0.137373209 0.0347711258 0.845068514 0
0.0897547901 -0.192710847 1.12964845 0
-0.40242517 0.0448965803 1.07011092 0
-0.0514517166 0.0387964994 0.611690462 0
-0.089827396 0.0354102626 0.756057262 0
0.174164489 -0.0116410526 0.739268601 0
-0.430484414 0.0527137183 0.919804633 0
-0.591357708 -0.0482420474 1.55251563 0
-0.633487701 -0.0829950944 2.22220159 7
0.169870406 0.0229990501 0.729653776 0
0.167164251 0.0379884988 0.6221174 11
-0.362495005 0.0458272211 0.946701646 0
-0.599120975 0.0479433611 1.09825861 0
-0.671328962 -0.122158214 2.4013567 0
0.0433432572 0.0328793973 0.796799123 0
0.166581526 -0.00640844181 0.761399925 0
-0.408981025 0.0431545153 1.19336748 0
-0.524439275 -0.417285562 2.59023952 4
0.132048875 0.0333299749 1.00634229 0
-0.385938883 -0.165376857 1.10879421 0
-0.517246068 0.0336626023 1.30964386 0
-0.353189141 -0.140512794 1.09350884 0
-0.360083073 0.019415047 1.69615376 0
-0.508185744 -0.154521689 1.83731067 0
-0.416894168 -0.279066145 2.55049253 0
-0.518748105 0.0209064763 1.29925621 0
0.0454639122 0.0326773115 0.84942776 0
0.155966431 -0.0116001908 0.966061354 0
-0.22721453 0.0392210223 0.845334411 0
0.0480907746 0.0365179069 0.603693783 0
0.154367998 -0.0335066877 1.02402592 0
-0.546761453 -0.117616892 2.19485927 0
-0.442367017 -0.385053396 2.55722618 0
0.12906836 -0.27134493 1.95625889 0
-0.506021857 0.00475180196 1.31951606 0
0.106956467 0.0331500843 0.720007658 0
1.1883347 -0.451521367 2.55836177 0
-0.62773037 -0.164919078 1.21831036 0
0.147753716 -0.0215988085 0.754879236 0
-0.533114433 -0.232962787 2.12780213 0
-0.107836403 0.000251368416 0.903562844 0
0.167948887 0.0381999873 0.624362826 0
-0.104504049 -0.00025786247 0.891799152 0
0.0791509822 0.0372401588 0.634154677 0
-0.0984887034 0.0329905599 0.872887611 0
-0.458850443 -0.235310584 1.6495136 0
0.171504021 0.0034092553 0.752672017 0
0.133490816 0.0369951949 0.633920968 16
-0.519288898 -0.197393 1.71162617 0
-0.624065161 -0.17990759 1.22811472 0
-0.365659982 0.0386692658 0.92061764 0
0.161466792 0.0380381122 0.543484211 0
0.163228646 -0.0414254703 0.739596903 1
-0.49859494 -0.137614638 1.20881796 0
-0.484162182 0.0132523514 1.7727046 0
-0.481810808 -0.348524272 2.56227469 0
0.171598554 0.0255230442 0.570562363 0
0.130731404 -0.0883691236 1.021644 0
0.138828993 -0.0326411724 1.06078577 0
1.05104756 -0.161296546 2.06691313 0
-0.0986543074 0.0347019285 0.783730805 0
-0.0427886136 0.0388991088 0.669226229 0
-0.0757304281 0.0346209109 0.78631413 0
-0.0907997862 0.0330803171 0.760800123 0
-0.501474142 0.0537233539 1.33164561 0
-0.0836645514 0.03317222 0.786550343 0
-0.496022165 -0.0846082047 1.32491398 0
-0.316716135 -0.163940176 1.0896858 2
0.158404857 0.0359174721 0.695432663 0
0.157768771 -0.00383823505 0.97091651 0
0.0435809828 0.035381753 0.721465647 0
-0.359222293 0.0167826451 1.59049439 0
0.149209797 0.0268556383 0.724928617 0
-0.503430665 -0.290150672 2.77214098 5
0.00382557372 0.0360949039 0.612635016 0
-0.317151427 0.0378922075 1.19214261 0
0.153864637 -0.0293859094 0.740768671 0
-2.34439135 -0.367114127 3.38540816 0
0.143897176 0.0113325929 0.966726661 0
-0.422938704 -0.212410495 1.48093724 0
0.173547626 0.0361589715 0.712084115 0
-0.708098948 -0.00308840163 1.51795578 0
0.177452475 -0.0626497418 0.743649423 0
-0.577682555 -0.421389192 2.56891251 10
0.0477457829 0.0355040543 0.681754112 0
-0.764824629 -0.0054485118 1.60578108 15
0.168214753 -0.011638321 0.735761881 0
-0.626025558 -0.084341608 1.2677325 0
0.16958648 -0.00574348774 0.728339016 0
-0.583275855 -0.338525414 2.45633888 2
0.143517211 0.00729138358 0.760268331 0
-0.517722487 -0.377847731 2.71333742 0
-0.395132542 0.0439094976 1.16140461 0
-0.526888609 0.0581095032 1.33713639 0
-0.224258274 0.0401328467 0.754077673 0
-0.519263089 0.0155486008 1.78592646 0
-0.626898944 -0.16454193 1.28467798 0
-0.641016722 -0.139504105 1.27288055 0
0.160002291 -0.0502407961 0.984908104 0
1.69344604 -0.523428917 2.69291592 0
-0.57947582 -0.0507483669 1.20653546 0
0.139388829 -0.0238898546 1.04498291 0
-0.613354862 -0.237956032 3.27296758 2
0.154387906 -0.0297423918 0.741457999 18
0.204363331 -0.0150975976 0.74432075 0
-0.734460235 -0.000636073586 1.40613866 0
0.177536532 -0.0389898345 0.740143001 0
0.0482019559 0.0361503512 0.685902297 0
-0.320616961 -0.14364709 1.10470259 0
0.113009915 0.0294177998 1.19137728 0
-0.439264238 -0.0368666202 1.77838516 0
-0.098685801 0.0349513739 0.782569408 0
0.150726542 -0.0163203441 0.747883439 0
-0.592150033 -0.365447044 3.5109148 0
-0.325182378 0.0378598012 1.12641978 0
0.152706981 -0.00496550649 0.954135418 0
0.126887947 0.0444157608 0.835279822 0
-0.318202227 0.0378999338 1.09746742 0
-0.0331044495 0.0363427401 0.652223766 0
0.101303786 -0.0937950909 1.07114971 0
0.163751647 -0.00670611439 0.748411357 0
-0.611147821 -0.160258263 1.26225424 0
0.211296827 -0.0163580962 0.758630216 0
0.122963004 -0.0746928379 1.06411338 7
-0.512664497 0.0158961751 1.77403069 0
-0.528858304 -0.0452134982 1.26431108 0
-0.441587299 -0.0248009581 1.78555822 0
0.149199709 0.0238012169 0.763860881 0
0.147893548 0.0318840295 0.775442481 0
-0.323687434 0.0384345315 1.10838771 0
0.164400965 -0.0418756045 0.742516696 0
-0.488067657 -0.0836931765 1.25234723 0
-0.39974767 -0.383932889 2.60836101 14
1.73371816 -0.394835681 2.79913235 0
-0.589316487 -0.154280722 1.22432172 7
0.0397043824 0.0279545113 0.843619645 0
0.172720999 0.024587037 0.6535604 0
0.124254018 -0.06170021 1.06239963 5
0.0963118598 0.0349701978 0.955612123 0
0.148943976 0.0321388319 0.779583335 0
0.129339412 -0.282707781 1.97233641 0
0.182867095 -0.0102872318 0.912328839 0
0.13533552 -0.0543426499 1.81181753 18
-0.688846231 0.0232767742 1.34139466 0
-0.411119878 0.0434966832 1.15562832 0
-0.0989172384 0.0348681919 0.786410213 0
-0.405231744 0.046086017 1.0746429 0
-0.708144069 0.0332194678 1.40073097 0
-0.340860277 -0.137859121 1.12930274 0
0.16907528 0.0303236693 0.670058191 11
0.152417243 0.0192313995 0.763233781 0
-0.638134241 -0.165824041 1.29418528 0
0.180698156 -0.0102405259 0.907177091 0
-0.403746963 0.0460180305 1.07211971 0
-0.540967822 -0.114503033 1.19980812 0
0.147132546 -0.0107202567 0.813852131 0
-0.499095619 -0.312104851 2.34510326 1
-0.458327711 0.00558596198 1.70580232 0
0.150690317 0.0196296684 0.758907676 0
-0.323475122 0.0379652493 1.12310922 0
-0.708887398 0.034918651 1.34235585 0
0.100456312 -0.173976123 1.16558552 0
0.128779426 0.0355314575 0.685347736 2
0.138995692 -0.0562452674 1.84676886 0
-0.569630384 -0.0607495084 1.21793127 0
0.201686129 0.0134184612 0.756213367 0
-0.753624141 -0.0853980929 1.39811957 8
0.13991411 -0.0422210135 0.750191271 0
0.135042131 0.0343358777 0.777900815 0
0.0457068421 0.0337680876 0.672071278 3
-0.741467059 -0.0255401544 1.37781715 0
-0.497612387 -0.042519968 1.21208251 0
-0.0876190364 0.0349341668 0.803921402 0
-0.0726063326 0.0353354402 0.783899784 0
0.140599027 -0.0233832952 1.05183923 0
0.160552979 -0.00404984364 0.963095844 0
-0.119422533 0.0262667146 0.877508163 0
0.147465423 -0.0210069604 0.751096904 12
0.157369569 0.0527812839 0.90542388 0
-0.43859759 0.029641347 1.87999475 0
-0.431304693 -0.403106749 2.78659225 0
0.101924159 -0.101696521 1.07697475 0
0.172805563 -0.00998140313 0.890942872 0
-0.603787243 -0.131237298 1.22111571 0
-0.602288902 -0.117961481 1.22678673 0
-0.344068527 0.0205098763 1.17484581 0
-0.0404323079 0.0350467339 0.761529386 0
0.170887575 -0.0569320582 0.736353338 0
0.140500009 -0.0334622152 0.750999212 0
0.123740606 -0.0610090829 1.05999959 0
-0.323765874 0.0390974134 1.10881102 0
0.154319778 -0.0156386551 1.02525961 0
-0.565033257 -0.0719309226 1.24281585 0
0.148454636 -0.0439955369 1.05182183 0
0.164564386 -0.0534141697 0.999603987 0
0.136060163 0.0323834568 0.98666203 0
0.160418585 0.00434411643 0.754118443 0
-0.0446208753 0.0340637118 0.844758034 0
0.148049697 0.0320234634 0.775685012 0
0.160651729 -0.00706150895 0.742968976 0
0.159396559 -0.00417042989 0.960885823 0
-0.490518212 -0.22410138 1.69196033 0
0.134714991 0.0341722146 0.777636945 0
0.154730529 -0.0158091597 1.02384758 0
0.0239307415 0.0344784074 0.739533365 0
0.134910315 0.031367477 1.07697761 0
-0.0508277453 0.0345606282 0.744227827 0
0.129643217 0.0322089642 0.9935444 16
-0.0455008447 0.0345010385 0.85983032 0
-0.539803267 -0.0345668904 1.3138932 0
-0.108133078 0.000391481561 0.912505329 13
-0.699593306 0.0331791267 1.32937372 0
0.16238305 -0.0413831919 0.738224685 0
-0.482632101 -0.113022543 1.21131921 17
0.148877725 0.0339258835 0.711873949 18
0.0471842997 0.0354550034 0.682487071 0
0.19947201 -0.0319034047 0.731702745 6
0.132584199 0.0335921049 0.772966921 0
0.123296119 -0.0383992344 1.10733175 14
0.131172553 0.0372709408 0.82982254 15
0.129326418 -0.0285932589 0.764460087 0
0.134327501 -0.0522275269 0.781734228 0
0.133718044 0.0371855572 0.696328163 0
-0.0324032567 0.0352076441 0.702401519 0
-0.165159047 0.0269722622 0.694689155 0
-0.466646373 -0.123445995 1.24013293 0
0.140740797 0.0353698209 0.793977499 0
0.157423332 0.0369050726 0.720133543 0
-0.566096246 -0.386496931 2.38100147 0
0.0863505602 -0.0653467476 1.07300508 1
0.114529021 0.0391106009 0.786673248 0
-0.553509951 -0.0115162758 1.77528691 2
-0.462237597 -0.213461012 1.62153649 0
0.0559957251 0.0278431457 1.11821222 0
-0.403542399 -0.0276017915 1.90351593 0
-0.636058748 -0.100914903 2.52530932 14
-0.558618128 0.0517268144 1.15500498 0
1.75038731 -0.524020016 2.77942514 0
-0.589309752 -0.328518271 2.47690177 2
-0.536893189 0.0308330916 1.29420626 0
-0.658563375 -0.0798136666 2.28418541 0
0.171666831 -0.00521345995 0.736699998 0
0.126924455 -0.0766980723 1.78423595 0
-0.446033508 -0.350455761 2.61252189 0
0.138667509 -0.0511396416 1.04295719 11
0.076608263 -0.113545589 1.86881399 0
0.0818780586 0.0181103889 1.62478721 0
-0.402578771 -0.229840189 2.46560144 2
-1.25937772 0.260567665 2.26155376 0
-0.436858594 -0.224155545 1.58646393 0
0.164507166 -0.0341131985 0.736133993 1
0.147121936 -0.0739070177 1.05864596 0
0.114017501 0.0352770463 0.823384225 0
0.0919876099 -0.0950929374 1.06174302 0
0.0438804179 0.0357052051 0.72485137 17
-0.17775996 0.029457543 1.18356609 0
0.0715799779 -0.0166270323 0.64083606 0
-0.452847779 -0.226377085 1.55142343 0
-0.134030476 0.0350258425 0.752672911 0
0.158575222 -0.0330381766 0.963358164 9
0.119949892 0.0300175697 0.932864249 0
0.146165758 -0.04355409 1.04379022 0
-0.0888264999 0.0347593836 0.811458111 0
-0.473620921 -0.0877094269 1.27645493 0
-0.271657914 0.0496360771 0.861263156 0
0.0616209991 -0.101398617 1.08452308 17
-0.506374359 -0.42903477 2.61736417 18
-0.586243451 -0.071128279 1.52832913 0
-0.135725111 0.0323414877 0.926383436 0
-0.665633023 -0.149875462 2.17352676 13
-0.135072574 0.0345238186 0.843456566 0
-0.224335104 0.0341630429 1.10174263 0
-0.589683533 -0.079088226 1.2303735 0
-0.504053891 0.0445820838 1.27185237 0
-0.221724182 0.0383341797 0.837243259 0
-0.675319791 -0.150858298 2.18920755 0
-0.78868264 -0.0126300305 2.32268453 3
-0.502151549 -0.0394342579 1.3338654 4
0.144008383 -0.0513255037 0.753490269 0
-0.444104671 -0.0595495775 1.73085523 0
0.127568439 0.0280273296 0.795758605 0
0.13843067 -0.00470397668 0.767279208 0
0.138472587 -0.0325355083 0.746664345 1
0.138874799 -0.0326445214 0.747560561 18
0.117479973 0.0363759547 0.831957459 0
0.0913406461 0.0347526371 0.754783571 0
0.0442636721 0.0360030308 0.726611018 1
0.160712928 -0.0958716795 1.03930724 0
-0.650074065 -0.0821129829 1.3578124 0
-0.0977463722 0.0346747451 0.77916944 0
-0.13379091 0.0336950608 0.787654817 0
-0.182086945 0.0499192588 0.902437687 0
-0.517149448 0.0166260842 1.78285146 0
0.140096113 -0.00489313062 0.770341396 0
-0.478541642 -0.0838651657 1.23440254 4
0.141884118 -0.0110792844 0.758358717 0
0.146560475 0.0355715901 1.02874625 0
0.154546544 -0.0121316854 0.749145687 0
-0.314311743 0.0327498466 1.27551532 0
0.158884287 -0.00474996585 0.960223973 0
-0.0582432523 0.049240388 1.02653897 0
0.0944203436 0.035535343 0.764398038 0
-0.487163305 0.00117246178 1.78094172 16
-0.225762814 0.0357670598 1.01367855 0
-0.088968724 0.0350794345 0.746135116 0
-0.404753268 0.0463460498 1.07498109 0
-1.13399184 0.235632315 1.98171449 0
-0.109608196 0.0293195471 1.40451193 0
-0.571013391 -0.072581023 1.25021493 0
0.158872485 -0.00469577638 0.959860086 0
0.176995039 -0.0781839862 1.02154613 0
-0.521652937 -0.0247649327 1.26076818 0
0.143318027 0.0216392037 0.730810225 0
0.147728339 0.0317172259 0.775602758 0
-0.42765376 -0.220285892 1.59755468 0
-0.495026827 -0.00471226918 1.31408644 0
-0.454449415 -0.469271958 2.66821694 0
0.042477712 0.0310672 0.850608289 0
0.0907232165 -0.0952543989 1.05266595 0
0.1224785 0.0966839716 1.36823106 0
0.0559339859 0.0285174809 1.11725461 0
0.124117017 -0.0747646689 1.06631446 0
-0.226374358 0.0358615145 1.01075578 0
-0.441180527 -0.197944686 1.54552674 0
-0.0986254439 0.0337898917 0.885754049 0
-0.094593741 0.0325138867 0.876706779 0
-0.0948694125 0.0328802243 0.8788836 0
0.170392916 -0.00552645186 0.729756713 0
-0.535232246 -0.0267271809 1.24376714 0
-0.0992297158 0.0344027206 0.889766276 0
0.0964446291 -0.0999383926 1.07709098 0
0.040904332 0.0303050727 0.774369299 0
0.132502034 -0.0346461385 1.02328479 0
-0.0845933929 0.0338298492 0.792186141 0
-0.338295043 0.0203746408 1.15794599 0
-0.580800951 -0.319855332 2.45740128 0
-0.438535452 -0.246104911 1.61496294 0
-0.116779961 0.0249401107 0.923780739 0
0.149896517 0.00408262433 1.04605877 0
-0.0998665467 0.0343836546 0.888477325 0
0.156591848 -0.0157607719 1.02897954 0
-0.334405839 0.00664521474 1.15522504 17
0.086792402 -0.0651514754 1.07444954 0
-0.399373561 -0.239648923 1.60256302 0
0.088557303 0.0320885964 1.05552304 0
0.0919191316 0.0354913101 0.976246476 0
0.129050091 -0.0294280425 0.765408516 0
0.161950633 -0.0572462715 1.02929199 0
0.123569243 0.0314068906 1.03971064 0
0.0887687132 0.0323757641 1.05587709 0
0.0447609723 0.0326820463 0.848721802 0
-0.0434557907 0.0323778987 0.838091671 0
-0.0170711558 0.034155868 0.789473057 0
-0.511151433 -0.0639812872 1.26991963 0
0.150033221 0.0044582081 1.04680514 0
-0.140612781 0.0320764519 1.01759529 0
-0.450984865 -0.208736897 1.59719694 0
-0.523823082 -0.00527497241 1.78993237 0
0.152394935 -0.0716319606 1.05150938 0
-0.10788355 0.000575653859 0.913412154 0
0.0908186287 -0.0730859488 1.07592475 0
-0.614152312 0.026631156 1.34151113 16
0.060721729 0.0342702605 0.846972227 0
0.189574972 -0.0569014102 1.02946961 0
0.105341017 -0.0988083035 1.03080618 0
0.137432665 -0.00534320995 0.765744567 0
-0.336255133 0.0215564594 1.15764272 0
-0.501305163 0.0940092281 1.41445339 0
-0.498922378 0.0357921869 1.32127535 0
0.207063422 -0.0369561054 1.04373085 8
-0.465606183 -0.177975789 1.56003034 0
-0.0959410965 0.0240100008 1.32969034 0
-0.491036475 -0.0395339802 1.32032502 0
-0.133722007 0.0333785713 0.788165569 0
0.138994694 -0.0669059232 1.06764388 0
-0.521323025 -0.0296533834 1.59276748 0
0.107610211 -0.0997208282 1.03560281 0
-0.531900465 0.0370258614 1.31040907 0
-0.559311092 -0.36470589 2.56378317 0
0.187910303 -0.0464770757 1.02739775 0
-0.268727332 0.0343306549 1.25988841 0
-0.0773220509 0.0632832572 1.19244599 0
-0.438882083 -0.218243733 1.53256857 0
-0.0459028631 0.0339284949 0.781261384 0
-0.40072611 -0.20614934 1.58286417 0
-0.10551668 0.00700465543 0.956467569 0
-0.550810039 -0.0107254321 1.77150989 0
-0.507488549 -0.0387552902 1.34586501 8
-0.340783775 0.00389150856 1.14877963 9
0.14468506 0.00742305769 0.762936711 0
0.104963087 -0.0983756483 1.02662313 6
0.135998249 0.0324795842 0.987875938 0
-0.538303077 -0.000816759886 1.29425454 0
-0.694330573 -0.120270051 2.16083455 7
-0.529826224 -0.425420523 2.60239005 18
-0.0979106277 0.0348584987 0.780596554 0
-0.134519711 0.0314222053 0.926782727 0
0.139251918 -0.00515873544 0.768842757 0
0.139331982 -0.00531943049 0.76922518 0
-0.0771698877 0.0367608555 0.797393262 0
0.155300215 -0.0334621184 1.02426529 0
-0.680551708 -0.116229795 2.1242497 0
0.135067567 0.029952433 1.07848871 0
-0.614445567 -0.358705312 2.47360229 1
-0.135669917 0.0316952355 0.931356311 0
-0.503402531 -0.0238096677 1.23551345 16
-0.579734921 -0.407884955 2.51418304 0
-0.552644551 -0.0134315789 1.77175093 15
-0.198044598 0.0200316068 1.04480791 0
-0.659656882 -0.0900175869 2.57996726 0
-0.416486144 -0.346363246 2.60363436 0
-0.56118387 -0.419739813 2.72027898 0
0.142021373 -0.0476007126 1.84165668 0
0.0885493159 0.0349692479 0.866708159 0
-0.135596469 0.032414943 0.925691307 0
0.129230112 -0.0295182932 0.766078293 0
0.163997561 -0.0180545133 0.960065842 8
0.136819676 0.0321501605 0.987754285 0
-0.517739654 -0.0238371827 1.25435364 16
0.160875618 -0.00878292602 0.8777228 0
0.149511948 0.0238344092 0.764016986 0
-0.138604134 0.0320893861 1.01610792 0
0.164242432 -0.0180806015 0.960725844 4
0.155253097 -0.0111937756 0.964490533 0
0.12962167 -0.0296465009 0.766294658 0
0.124334708 0.0345334895 0.985500693 0
0.161269933 0.0202371646 0.949710131 0
-0.447938114 -0.22006759 1.55646491 18
-0.447047204 -0.0602632426 1.79584134 0
0.123691283 0.0352447741 0.813286424 9
0.159021482 -0.0116388537 0.951515853 0
-0.219772562 0.0364191383 0.918987334 0
0.100055367 0.0357045867 0.854026318 7
-0.045967903 0.0355439745 0.855711758 0
0.16789417 -0.0654196665 1.04231811 2
-0.519971013 -0.0240349676 1.2580055 0
0.127663121 -0.0905807987 1.04604292 0
-0.536751926 -0.0563700907 1.22929728 0
0.0866010785 0.0342885777 0.96651876 0
-0.499965131 -0.0389874317 1.33035207 4
0.148710981 0.0234850012 0.763093591 0
0.159571469 -0.00889382511 0.874557137 0
0.0868689939 0.0342630781 0.861864567 0
0.0843106732 0.0326722525 0.952335536 0
-0.215764344 0.0336470008 0.991729617 0
-0.447994262 -0.147724926 1.36669731 12
0.161896527 -0.0103739332 0.884034753 0
0.149515986 -0.0340727009 0.924782634 0
-0.450671673 -0.0312513411 1.31412959 0
0.144267678 -0.0123615302 0.966666698 0
-0.500881255 -0.0357087776 1.25946426 0
-0.134780407 0.0311184879 0.930243134 0
-0.484380722 -0.0355710946 1.28328216 0
-0.318671465 0.0156487953 1.13269377 0
0.153885409 -0.0339530669 1.03295612 13
-0.494624436 -0.00615141448 1.31172609 0
0.166490108 -0.0584299676 1.03913605 0
-0.499262512 -0.163572043 1.46597135 15
-0.508451939 -0.0400125869 1.31092417 0
-0.426973939 -0.211651966 1.50651908 0
-0.500659347 -0.0619888604 1.8774544 0
-0.445397526 -0.206913054 1.59576237 17
-0.108488142 -0.00409304164 0.937185526 7
0.0781557187 -0.0628694892 1.08092391 0
-0.135109305 0.0320754237 0.926718771 0
0.127134547 0.028257085 0.794865668 12
0.124173939 0.0354336016 0.814296186 14
0.135760352 0.0318951011 1.07980716 0
0.145207062 0.0109503269 0.967639148 0
0.144497231 0.0112807453 0.967457294 0
-0.137420937 0.0320813283 1.01615548 0
-0.223643586 0.0356804766 1.00969481 0
0.137662262 -0.0453481786 1.06093705 0
0.135460943 -0.0913183391 1.05247891 0
0.149870992 0.00370959239 1.04608631 0
0.172748432 -0.088915728 1.01250863 0
-0.580229223 0.023864558 1.35441005 0
-0.110585712 0.00729202479 0.972075462 0
-0.466775984 -0.179879576 1.56384063 0
0.157962427 -0.0320074148 0.962142527 0
-0.331713557 -0.347358435 2.09567451 0
0.123843059 -0.0941732302 1.04342127 0
-0.0954506174 0.0254143495 1.2457689 0
-0.472021371 -0.0136399409 1.77300727 0
-0.0824197456 0.025584219 1.24088395 0
-0.45300138 -0.191935897 1.54511774 0
-1.15267313 -0.243000746 2.34253573 11
-0.804136574 -0.126287207 3.03944135 0
-0.459688216 -0.418016076 2.56797194 0
0.123830825 -0.0943359509 1.04542375 0
0.0860488191 -0.115100615 1.11850643 0
0.147546336 -0.0536599196 1.03109848 18
-0.0892238095 0.0228094384 1.22395802 0
0.162049189 -0.293461382 1.90251899 8
-0.573438406 -0.394194961 2.4127748 0
0.106673814 -0.123879313 1.90282464 0
-0.353140503 0.0224645827 1.14642525 0
-0.0658150613 0.056358479 1.10658145 0
-0.348338753 0.0218287669 1.13901126 0
0.143535674 0.0107764732 0.965173125 0
-0.430083036 -0.367203712 2.61532259 6
-0.547588527 0.169026211 1.70542097 0
0.159900963 -0.459823459 3.45786953 0
0.148509309 -0.0441388711 1.05254614 0
0.102223694 -0.120645128 1.8679316 0
-0.639909744 -0.155023098 4.49361038 8
0.125004962 -0.0601038374 1.065099 0
0.124693692 -0.0623353645 1.06273413 13
-0.136218831 0.0319458432 1.01490903 0
-0.462734044 -0.212036535 1.6358695 0
0.089029938 0.0276888739 1.19630015 0
-0.0837085545 0.0259440076 1.24397671 0
0.161158636 -0.00345402048 0.963840425 0
0.0459553674 0.0288395192 1.23003864 0
-0.025299672 -0.351865023 3.54504037 12
0.160079479 -0.0297382344 0.960439384 0
0.158200413 0.019667048 0.94152236 0
-0.429954678 -0.221525311 1.60466015 0
0.0917687714 -0.0823030621 1.08296931 0
-0.0357567109 0.0319380425 0.921296597 0
-0.104529202 0.00539517915 0.951896131 13
-0.391887754 -0.186597839 1.56572008 0
-0.100904211 0.0332632288 0.881059289 0
-0.105846047 0.00575018721 0.95643878 0
0.0917021185 -0.0825357065 1.08332682 0
-0.102905743 0.034151502 0.886946738 0
-0.135729194 0.0292666275 1.09941554 0
-0.136363998 0.0294522848 1.10145628 0
-0.135344952 0.0280580483 1.1810478 0
-0.106053874 0.02804479 1.38288856 0
-0.334132999 0.0285262521 1.13760424 0
0.0467166901 0.0343279466 0.859279931 1
-0.45007661 -0.209702581 1.60224116 7
-0.35347268 0.00741805928 1.15429926 0
0.1149799 -0.265367508 2.00944924 0
-0.499078423 -0.111466274 1.33466291 12
-0.486218601 -0.083473675 1.24562502 0
0.158730134 -0.010889153 0.950823128 0
0.096273452 0.0335629731 0.842431188 0
-0.49904874 -0.0571823269 1.33400238 0
-0.446043253 -0.171713933 1.5168432 0
0.0935542956 0.0358351022 0.888388872 4
-0.138000354 0.0276940111 1.17442143 0
-0.100386575 0.0329693779 0.879374623 0
-0.490720868 -0.0682977736 2.00979137 0
-0.503939152 -0.0578633137 1.34237695 13
-0.0706350729 0.0325188823 0.853313208 0
0.135448426 -0.292493343 1.94136775 0
-0.495088786 -0.0394960716 1.29026604 0
-0.655331671 -0.372021049 2.45691872 0
-0.491400421 -0.109067962 1.32326353 0
-0.591913462 -0.0464201756 1.57309437 0
0.0947683603 -0.0880106837 1.85619271 0
-0.566288829 -0.331859767 2.3890934 0
-0.65578264 -0.0690179318 1.64777195 0
0.160267413 -0.0958353654 1.03774798 0
0.139472261 -0.034919247 1.04869306 0
-0.665311635 -0.121140167 2.39135504 14
-0.0998142287 0.032701157 0.87768054 0
0.129665449 -0.0836792514 1.8444221 0
-0.0718293488 0.0329101495 0.856728494 0
0.104723282 -0.078926824 1.83311367 0
-0.33265093 0.0202148277 1.15887868 0
-0.109662533 0.000937650038 0.919174314 0
-0.48401472 -0.0834448263 1.24173629 0
-0.469499141 -0.065114215 1.26405394 0
-0.466043562 -0.213154241 1.64359999 0
-0.432950467 0.0465699099 1.17049146 0
0.13602972 0.0322063342 1.07971537 0
-0.505964816 -0.0574374907 1.34556508 13
-0.0365325473 0.0253869258 0.797966063 0
-0.137954071 0.0314166658 1.01097667 0
-0.504303634 -0.0287483782 1.55973101 0
-0.545881152 -0.176702812 1.54139578 0
0.140053064 -0.0670576319 1.07071567 0
-0.458353847 -0.128754705 1.23717344 0
0.0949727967 0.0342659466 0.958365977 0
0.131435499 -0.106197141 1.87509692 0
-0.492050827 -0.208498552 1.62658942 0
0.163087368 -0.0297560375 0.967111707 0
-0.415342927 -0.0270292014 1.9460206 0
-0.551802814 -0.278803766 2.4208076 0
0.123515755 -0.0382288918 1.10854828 7
-0.350478888 0.00293838372 1.16137552 0
-0.513554633 -0.0400529094 1.35487306 6
-0.00439838693 -0.426355153 3.66376638 0
0.0255211014 -0.439177871 3.63500667 17
-0.410906017 -0.183139086 1.64867985 0
-0.317379475 0.0330888927 1.29617023 0
-0.592136025 -0.343085766 3.51515937 9
0.157292232 -0.0244369674 0.962549508 0
0.15421997 -0.0105819628 1.02795422 0
-0.33499831 0.003927588 1.15224969 1
0.136861891 -0.0518467724 1.06247962 0
0.0858145133 0.0341611356 0.96548295 0
0.157045156 -0.0243239384 0.962133467 0
0.0846494883 0.0334248431 0.959506691 0
0.132606849 -0.128014475 1.85487497 17
-0.296086252 0.0517790131 1.06477773 0
0.144469202 0.0111829229 0.967251658 0
0.0834172815 0.032700859 0.952187896 0
-0.658357501 -0.373133153 2.46097207 0
0.132021531 0.0341638401 0.934238791 15
-0.618965805 -0.401706189 2.4128778 0
0.151676506 -0.0187296849 1.05133057 0
-0.516965568 -0.0298510455 1.58125913 0
-0.559638083 -0.0978214741 1.78102565 0
-0.140458807 0.0284175221 1.18511784 0
0.0432126671 0.0263733249 1.20210695 0
-0.528482854 0.0375709049 1.67483425 0
-0.331078917 0.0281127095 1.15813482 0
-0.459397525 -0.189450979 1.7780962 0
-0.595772684 -0.100763366 1.85660326 0
0.148114637 -0.0109009771 1.01166975 0
-0.127069458 0.0223066583 1.24189627 0
0.0722348541 -0.0772871375 1.06312764 4
-0.452083707 -0.25586766 2.6903255 0
0.0886125565 -0.0718933567 1.14033866 0
-0.135334492 0.0278685931 1.10297918 0
-0.13433741 0.0345988795 0.842550695 0
1.73481011 -0.289403379 4.03843403 0
-0.337532938 -0.00767290359 3.06428051 11
-0.475081623 -0.34870863 2.55054235 0
0.0990263298 0.0297398232 1.17917597 0
0.165868789 -0.0273791645 0.960620582 0
-0.487893969 0.0386762992 1.49156165 0
-0.889248669 0.279071212 2.13865542 0
-0.471161872 -0.264607996 2.7782886 0
-0.350525498 0.00720367068 1.14908326 0
-0.13048774 0.00222998392 0.922486782 0
0.159275904 -0.0228049923 0.960227668 0
0.123767383 -0.0391780846 1.10907662 0
-0.728883684 -0.276349396 2.83773351 0
0.128528342 -0.271125108 2.21861815 0
0.141274601 -0.0246536359 1.04855299 0
-0.596738398 -0.388945162 2.34622979 0
0.126416489 0.032878615 0.948978722 0
0.149165407 -0.0534646064 1.03330135 18
-0.491789997 -0.207304105 1.62353992 0
0.150368482 -0.0149993068 1.01820993 0
-0.508391738 -0.0274448283 1.56501889 0
-0.506774068 -0.00416695746 1.33117938 0
-0.628254592 -0.0514785945 1.62074888 0
0.12715061 -0.274192691 1.92423296 11
-0.444272518 -0.0531842597 1.32063627 16
0.115054145 0.0301524047 1.20017862 0
-0.34449473 0.0262125172 1.14595211 0
-0.347081125 0.00920437556 1.17279947 18
0.0916605219 -0.0822366998 1.08245099 0
0.076924108 -0.0619247817 1.07364988 0
-0.182229206 0.0285204202 1.32990718 0
0.160632044 -0.0033320738 0.962701976 0
0.157181904 -0.046344839 1.02717197 0
0.136412755 0.0321633928 1.08066833 0
-0.459998131 -0.201107696 1.62272143 0
0.141180784 0.0315376595 1.01543307 0
-0.3552773 0.0236350428 1.15303719 0
0.123671092 -0.0378141701 1.10880244 14
0.160268903 -0.0401005819 1.02391803 0
-0.421672136 -0.0291089937 1.2820121 0
0.0449767709 0.0276971348 1.22969711 0
-0.11009676 0.0012767876 0.921180248 0
-0.332864493 0.00644988474 1.15261889 0
-0.13921997 0.0321180411 1.01672375 4
-0.332199216 0.0207545236 1.15640771 0
-0.336587489 0.0212040264 1.16290069 0
-0.719430029 -0.0809478536 2.16464686 1
-0.134979874 0.0256389342 1.26648593 17
0.0768242627 -0.0618665218 1.0734117 0
-0.603849053 -0.04151484 1.58546197 0
-0.503507316 -0.0290926043 1.56064785 0
-0.505879104 -0.165925503 1.47864211 0
0.147226125 0.0101918047 0.966787398 0
0.102712356 0.0306689218 1.10338306 0
0.141903132 0.0315638594 1.01688635 15
0.0337077752 0.030779833 0.955594838 0
0.0446497016 0.0273758061 1.22642457 0
-0.123723954 0.0327193663 0.967314363 0
0.0859815776 -0.0651500523 1.07020009 0
-0.491285175 -0.00462630065 1.31557095 0
0.164622217 -0.023804998 0.963603854 0
-0.412048936 -0.0621169917 1.78194654 0
-0.110040747 0.00587368524 0.96919781 0
-0.649231613 -0.27446124 2.52038383 0
-0.422937661 -0.165769279 1.58497715 5
0.155978173 -0.0110517479 0.966209292 0
0.14328374 0.0111446995 0.964555144 0
0.123241074 -0.0624927469 1.06089544 4
0.113441549 -0.063396208 1.07182288 0
-0.135331973 0.0257685352 1.26639616 0
-0.601739228 -0.244881123 2.45314074 0
-0.343948424 0.0196263045 1.17554832 0
-0.136232436 0.028095834 1.18070519 0
-0.112926185 0.00801377557 0.97816366 0
0.0893492773 -0.0740271211 1.07692325 2
-0.531943917 -0.0932214931 1.71908915 0
0.121424414 0.0324686468 1.13182151 0
-0.522307038 -0.0920186192 1.6991775 0
-0.139515981 0.028665226 1.18828404 0
0.14966774 0.00426415447 1.04520035 0
-0.137378514 0.0274799056 1.18052232 0
-0.3319619 0.00395732652 2.3333869 5
0.172888905 -0.0133307697 0.97224158 0
-0.501218081 -0.15818125 1.60373449 5
0.157915398 -0.0326416083 0.962226272 0
-0.404659361 -0.248104811 2.6100266 0
-0.57341814 -0.150835246 2.39125633 0
0.087910369 0.0318404958 1.05342138 0
-0.333398402 -0.021279417 3.02411699 11
0.145345196 -0.0739517659 1.0542891 0
-0.507036924 0.0350356065 1.5960207 0
0.0982553363 -0.117541879 1.82998419 0
-0.327159643 0.00543257082 2.31494164 5
-0.594408453 -0.25001815 2.49241662 0
0.145704761 -0.470769405 3.5024364 0
0.156008393 -0.0183119699 0.966176033 0
-0.621374547 -0.195377439 2.34926915 0
0.191270411 0.162158132 1.57714772 0
0.095922932 0.0319151245 1.11733198 0
-0.503783762 -0.0287694633 1.56141293 0
0.0569609292 0.0292144343 1.12349808 0
-0.0911347345 0.0272531901 1.23489535 0
-0.416848987 -0.056547422 1.80689681 15
-0.654323936 -0.204380199 2.43816447 0
0.107249148 0.0334102325 1.21180212 0
-0.118785501 0.0020839395 0.922834933 0
0.0743483156 -0.0789659321 1.07673943 7
-0.046603445 0.0310753062 1.04999173 0
-0.222726688 0.0358228162 1.01048446 0
0.146551117 0.0343588702 1.03788829 0
0.111455224 -0.0576982386 1.06384194 13
0.141213417 0.0311981123 1.01615024 3
0.155388147 -0.0181119628 0.964734256 0
-0.589451671 -0.0483136065 1.56971073 0
0.149399698 -0.0536364876 1.03390288 0
0.055900123 0.0112394961 0.949431181 0
-0.119240426 0.00227741105 0.923750639 0
-0.726443231 -0.124772683 2.13467407 15
-0.117611147 0.00928210001 0.994731307 13
-0.124685749 0.00577968219 0.920035064 0
0.126370475 -0.260699451 2.01641345 0
0.124023393 -0.0899925977 1.89247215 18
0.156671524 -0.0233370289 0.965488255 0
0.133783057 0.0341314599 0.985737741 9
-0.492777407 -0.164278015 1.60486388 17
0.162180558 -0.0117011238 1.03510046 0
-1.14041126 -0.182741031 3.90800714 0
0.140867278 -0.02652077 1.06721997 0
0.122087091 -0.0606280677 1.05567694 0
0.0724266469 -0.0625274405 1.07252526 0
-0.545128644 -0.335185796 3.27496457 0
-0.0374148339 0.0333091877 0.97322619 0
-0.306427419 0.0847333223 1.22481084 0
-0.119137704 0.00224321801 0.923723578 0
-0.436602861 -0.03106541 2.00858188 0
0.0198376905 -0.430629671 3.50222445 0
-0.0293549001 -0.356427014 3.65431905 0
0.10802038 -0.483215421 3.68953037 4
0.153767973 -0.0101896273 0.991882682 0
0.105674505 -0.248115242 1.98686993 0
0.138167828 -0.0262784064 1.06172359 0
0.137332559 -0.0221644975 1.11142349 0
0.138358474 -0.0292660445 1.05011272 0
-0.117717713 0.00198133243 0.92177552 0
-0.450591832 -0.309859306 2.68359184 0
-0.434313655 -0.209201917 2.23129606 0
-0.571908772 -0.0942635238 2.35981655 0
0.156249627 -0.0239627212 1.75478828 0
-0.612265587 -0.387286961 2.55166936 0
-0.92423594 0.22593917 2.1038239 0
-0.606530011 -0.384420186 2.53232002 0
-0.117274061 0.00904272776 0.992425978 0
-0.612654984 -0.127135381 4.31876183 0
-0.0332644768 -0.365059227 3.67689419 0
0.15024443 -0.0282152668 0.963204324 0
0.151096538 -0.114655681 1.83271551 6
-0.68816638 -0.273042738 2.5166676 0
0.120840326 0.0328005217 0.974039435 0
-0.498451054 -0.355914474 2.46376133 0
-0.422564477 -0.185044378 1.57458365 0
0.158531338 -0.00827141758 0.962963521 0
-0.152154222 -0.046547953 1.52727997 0
-0.123761192 0.00515868329 0.919105887 2
-0.599524796 -0.15599294 1.52708495 0
-0.423223764 -0.195596039 1.70178866 0
-0.64574337 -0.212349102 2.20843935 0
-0.412709832 -0.0565049462 1.79717326 0
-0.33091262 -0.0442038141 2.00883293 0
-0.334887892 0.00200759759 2.34476399 4
-0.334639013 -0.0127327899 2.3336215 0
-0.131354511 0.00624129456 0.933653593 0
-0.0524737649 0.0398026183 1.092224 0
0.0787250549 -0.0636359453 1.08050525 0
-0.517053187 -0.0422524139 1.55428755 0
-0.136374488 0.0297760218 1.09851003 0
-0.0895329416 0.0251031499 1.24149537 0
-0.0926922262 0.024377821 1.22740805 0
0.118827239 0.0314501226 1.12302196 0
0.119808525 -0.234797433 2.03440547 0
0.0905884877 -0.075122416 1.08331108 0
0.140180022 -0.0229438338 1.05078685 0
0.110722788 -0.0570282266 1.06181383 0
-0.276056051 0.074315697 1.20692503 0
0.14975284 0.00457811356 1.04581666 0
-0.397726715 -0.174068123 1.61823618 0
0.15194343 -0.0133586535 1.03108883 0
0.136460766 0.0323545299 1.08008504 0
-0.180584028 0.0279724821 1.31888962 15
0.133526817 -0.209912792 1.88572335 0
-0.413606524 -0.211414889 1.62145996 0
0.152729705 -0.01571545 1.05505896 0
0.141216964 -0.0230465848 1.05277646 0
-0.486413956 0.0370483547 1.97100711 0
-0.614902377 -0.286580503 2.44036961 0
-0.698395252 -0.234563127 2.59554195 0
-0.452226192 -0.102130018 1.3691957 0
-0.557198107 -0.164263844 1.52585328 0
0.141543388 0.0309416428 1.01666129 0
0.116090342 -0.236786112 2.01945448 0
0.140417814 0.031306237 1.01393187 0
0.0717860237 -0.0620133989 1.06991804 0
0.149499044 0.00463390723 1.04543102 0
-0.482040584 -0.265743822 2.33345318 0
0.137636274 -0.0450193398 1.05981565 0
-0.6976161 -0.284520775 2.5056057 0
0.157004759 -0.0121013969 1.02715492 0
0.082149215 0.0307854507 1.13231349 0
0.115392767 0.0324982144 1.13267815 0
0.11508102 0.0299951043 1.19839287 0
0.156015962 -0.0551034212 1.03692997 0
-1.28561723 0.323247194 2.40485811 0
0.0571724586 0.0298528466 1.12402558 0
-0.0925624222 0.0817359313 1.44858718 0
0.129956231 0.0327814519 1.03350532 0
-0.134799942 0.0315026045 1.01277101 0
-0.112230152 0.00163557136 0.925515831 0
0.116450533 -0.135614678 1.92404902 0
0.0590029694 -0.00844819006 1.53736234 0
0.156307206 -0.0408973806 1.47919369 0
0.134375826 0.0328403078 1.02558947 0
-0.0807066411 0.0250586085 1.2336539 0
0.0739518479 -0.0775131434 1.07241523 0
0.111980401 -0.0745916665 1.69912517 0
-0.544524789 -0.134488538 1.82774806 0
0.14757365 -0.0586487167 1.04409873 0
0.126371518 0.0327199288 1.05941725 0
0.100815967 -0.172124967 1.91402006 0
1.03901732 0.977064669 6.1283536 0
-0.0938582718 0.0306963529 1.03830063 0
-0.671297491 -0.076087743 2.0674541 12
-0.623342276 -0.233876914 2.47534275 0
0.149932846 -0.17137976 1.8446281 0
-0.753251553 -0.0824832395 2.2303009 0
-0.136474505 0.0297653265 1.09720719 0
0.100459859 0.030135408 1.16683745 0
0.126383245 0.0330024734 1.06019509 0
-0.663447917 -0.255711257 2.46244717 0
0.0763861462 -0.55014658 4.3326683 0
0.0998511314 0.0776369721 1.46811295 0
-0.380122006 -0.0265040584 1.84617138 0
-0.110672049 -0.00372620975 0.94310236 0
-0.112422667 0.00156622811 0.924960434 0
0.149825871 0.000519632304 0.962967455 0
0.110481091 0.0305675995 1.12025714 0
-0.495149314 -0.0430063941 1.82060409 0
-0.46880433 -0.0381420851 1.76572263 0
0.155288264 -0.0177716576 0.965223551 0
0.143096671 -0.0226129107 1.08578122 0
-0.557948947 -0.282190561 2.43808556 0
0.139693052 -0.0263972823 1.0644958 0
0.13020657 -0.0554972775 1.07157981 0
0.129333362 0.0326439478 1.03227615 0
-0.219227105 0.026050793 1.42554522 0
0.0954651535 -0.0750274137 1.74594474 0
-0.129659534 0.00262898114 0.922975838 0
0.0762631819 -0.061502438 1.07022941 8
0.399223 -0.865408778 4.97112751 0
-0.00391055644 -0.374451339 3.39905405 0
-0.524507105 -0.0512229055 1.47910106 9
-0.819518805 0.253223866 2.17338586 0
-0.0253039114 0.0286720656 1.01951313 0
-0.130743861 0.0268452093 1.17046428 0
0.13871114 -0.0228329059 1.01930201 18
-0.500747085 -0.027865164 1.55273676 0
-0.688652337 -0.166887879 2.4436667 0
0.154403359 -0.0106695006 1.02457154 0
-0.467042357 -0.234181106 2.28442621 0
-0.181880489 0.0337177627 1.02211618 0
-0.035074424 0.0262343418 1.11423779 0
-0.417014509 -0.17282778 1.6147635 0
-0.135511711 0.0295038112 1.09502935 0
-1.04971945 0.343136996 2.49199772 0
-0.438958526 0.0125436103 1.98512042 0
-0.363005161 -0.0462884009 3.57655168 15
0.141941115 -0.0501357131 1.06566596 0
-0.132532045 0.0246322826 1.25702906 0
-0.463679761 -0.0686822236 1.88964653 0
-0.450803101 -0.331655562 2.63475752 0
-0.41741541 -0.05829731 2.78874874 0
-0.0535012893 0.0373473391 1.27218354 0
0.157404736 -0.0107654855 1.00300193 0
0.133953065 0.0326368585 1.02466118 0
0.143780723 -0.0220461823 1.08614576 0
-0.349152207 -0.0462023243 2.08542299 0
0.0624288395 0.0319115594 1.02017236 0
0.149639934 -0.0398160778 1.45048082 0
0.062587671 -0.00873738062 1.58478594 0
-1.3741591 -0.224590063 4.41452837 0
0.489226252 0.164645448 1.6421237 0
-0.4232952 -0.0675792024 2.50520682 0
-0.0346270949 -0.397559702 4.04945421 0
-0.532383144 -0.179576084 1.66500652 0
-0.0892655998 0.0759023279 1.29602873 0
-0.465475023 -0.259536535 2.27825475 0
-0.093062751 0.0245465077 1.22643054 0
-0.589132786 -0.0723426417 1.57070673 0
0.124402724 0.0329701677 1.0549897 0
0.151041359 0.00399011141 1.04063785 0
-0.68812567 -0.159267485 2.44574833 10
0.159993336 -0.0108129773 1.00628245 0
0.0647711605 -0.00921382941 1.59523106 0
-0.275255352 0.0742763132 1.20561874 0
-0.409680992 -0.0550433062 1.78638721 0
0.136402026 -0.0447891913 1.05780828 0
0.129335448 0.0332475081 1.0396682 0
0.139402822 -0.022115428 1.07841802 0
0.129001379 0.0330617204 1.03880763 0
0.119072229 0.0316299759 1.1222614 0
0.103002496 0.0277812537 1.10190666 0
-0.417354286 -0.0341207236 1.84479034 0
-0.415875256 -0.0595074929 2.18203807 0
0.0206372347 -0.0101502417 1.05316818 0
-0.804673731 0.147711843 2.48108864 0
-0.48980239 -0.122569583 1.62442017 0
-0.403971881 -0.197069123 1.65331423 0
0.109598398 -0.0570275635 1.05954576 0
-0.439520001 -0.263094068 2.80420184 0
-0.121187247 0.012180334 0.968190789 0
0.137851328 -0.032791879 1.0612005 0
-0.434139192 -0.179253936 1.64996898 0
-0.42241177 0.00693290727 2.43056536 0
0.0698560551 0.0211236291 1.13175941 0
-1.55401933 0.489797711 3.40818572 0
0.110018723 -0.0616029166 1.06302547 0
-0.138335228 0.0291453376 1.19304121 0
-0.7245152 -0.337821662 2.59357142 0
0.146594733 -0.0591352396 1.04115427 0
-0.410429984 -0.0735133961 1.88133228 0
0.121443868 -0.0751239061 1.89495623 0
0.148155853 0.130070403 1.56541514 0
0.140409946 -0.024316106 1.04549944 9
-0.603580832 -0.378671795 2.44754481 0
-0.481128275 -0.127601907 3.49137092 0
-0.578393281 -0.126917303 1.55403423 0
0.0777226016 0.0290927123 1.1125046 0
-0.591044724 -0.0397587679 1.56748438 0
-0.701660573 -0.163966715 2.47969913 10
0.135068119 -0.150648206 1.8462745 0
-0.551237047 -0.0150195267 1.77290511 0
0.403766692 -0.0924059749 1.39284682 0
-1.09639883 0.221908629 2.27438188 0
-0.796718538 0.239535972 2.20370078 0
0.144826338 0.0150765637 1.04577208 0
-0.602937996 -0.414279431 2.50602865 0
0.117330775 0.0331189036 1.14211416 0
0.0719925165 -0.0622508861 1.07110429 0
-0.114870667 0.0224595368 1.0570699 0
0.149032667 -0.224344075 1.97808361 0
-0.188879579 0.0286535267 1.33661079 0
0.154642373 -0.0408462994 1.47460163 0
-0.492079586 -0.137438819 1.5952971 0
-0.341471523 0.00322069949 1.60161614 0
-0.332868129 -0.0303715449 3.5684278 0
-0.737997115 -0.218099654 2.00051093 0
-0.0463523939 0.0353727341 1.16981864 0
0.15175049 -0.0154962409 1.0536052 0
0.0373070985 0.0247295704 1.19186664 0
0.151951462 0.00428847503 1.04095221 0
0.0271051545 0.0149487164 0.99320972 0
0.0712178051 -0.00827084668 1.69789612 0
-0.468573868 -0.123562112 1.62345958 0
0.0365022942 0.0233235005 1.05261207 0
0.13478452 0.0322768837 1.06527078 0
-0.0272419639 0.0141245686 0.988801539 0
-0.633960545 -0.332229644 2.43465829 0
0.0162024107 0.00483969832 0.922980249 0
-0.410186559 -0.185559303 1.59181345 0
-0.473322719 0.00120402663 1.752514 0
-0.341857195 0.0113078617 2.0633719 0
-0.0915214866 0.0730564892 1.41434717 0
0.0566157624 0.0300930403 1.07471728 0
-0.659457982 -0.314424396 2.42370057 0
-0.0537457615 0.0435826853 1.22497666 0
0.0444468148 0.028293075 1.06784475 0
-0.473016024 0.0287801959 1.78830481 0
-0.48116076 -0.277294785 2.67347193 0
-0.688243508 0.210202888 2.17965913 0
-0.579510748 -0.0618286096 1.55356014 0
-0.468409777 -0.236305192 2.29307604 0
-0.0185495187 -0.0388351716 1.24527812 0
-0.402191162 -0.173725039 1.62827981 0
-0.0848166943 0.0289312005 1.08066666 0
-0.483567834 0.0476117209 1.68324912 0
0.114921235 -0.182948023 1.74436331 0
-0.576132596 -0.0995388627 2.37545943 0
-0.421550095 -0.0251796134 1.80613351 0
-0.451801479 -0.172809988 1.69195104 0
-0.467766613 -0.151539057 1.59652078 0
-0.046252314 0.0266037714 1.31993401 0
-0.675548017 -0.232764259 2.5386312 0
-0.603078067 -0.062166173 1.59684622 0
0.138320476 0.0179153271 1.82265687 0
-0.34860608 0.0142034395 1.85932064 0
-0.385690838 -0.159821898 1.59157205 0
0.0422016382 0.0250641629 1.20355868 0
-0.583925784 -0.0618541464 1.55930352 0
0.130377144 -0.0743965283 1.47104788 0
0.174076259 -0.00367295742 1.45400143 0
0.102092154 -0.122249044 1.87285912 0
-0.0743913874 0.0573255941 1.40111518 0
0.150441155 -0.040046826 1.45162761 0
-0.49944821 -0.160216257 1.65041089 0
-0.40985924 -0.0257897992 1.92788422 0
-0.0356216095 0.0271447897 1.14638484 0
0.141113266 -0.0218521934 1.08126354 0
-0.488971412 -0.180415466 1.61297393 0
-0.470953375 -0.12368536 2.27453423 0
0.15471828 -0.0106404107 1.02871513 0
0.141615123 -0.0295257326 1.05549657 0
-0.73875922 -0.0862959027 2.20514178 0
0.0946189836 0.0294584315 1.18675637 0
-0.208884552 0.0309535284 1.09842622 0
-0.0478948355 0.0287922919 1.05007839 0
-0.127462715 0.00557535654 2.23607802 0
0.107598051 -0.493929803 3.75963259 0
-0.295349568 0.0716065615 1.95650744 0
-0.482299328 -0.102456838 3.22365785 0
0.139937565 -0.11412853 1.82961822 0
0.0152012846 0.0253915321 1.21397662 0
0.143368036 -0.0597540811 1.08194363 0
-0.405272514 -0.0247838236 1.76349974 0
-0.224384278 0.0312689878 1.2650423 0
-0.193962038 0.0337175019 1.22058225 0
-0.755729675 -0.0877816305 2.23931074 0
-0.149875283 0.0314687714 1.06877577 0
0.123111099 -0.178538308 1.8427583 0
-0.220506951 0.027152624 1.4275583 0
-0.569477797 -0.122180052 1.5596751 0
-0.663570464 -0.304201752 2.58703685 0
0.122143544 -0.175846636 1.83017576 0
0.0865064487 0.027724361 1.20178211 0
-0.00943764765 -0.0182623547 0.927653611 0
0.0382874869 0.0255770609 1.20511568 0
-0.575975418 -0.123737 1.56845427 0
-0.601044595 -0.220843956 2.4671278 0
0.121476278 -0.179319814 1.84294546 0
0.0912843943 0.0284182671 1.19549394 0
-0.396116793 -0.0660684556 2.37585211 0
-0.467468739 0.0279575717 1.7763021 0
-0.258248478 0.0316596255 1.29846287 0
-0.653514802 -0.340768397 2.48407388 0
0.169546857 -0.00412419811 1.43706167 0
-0.415739864 0.00809729006 1.72047532 0
-0.218132585 0.0294215009 1.25401568 0
-0.183651924 0.0309605394 1.19833755 0
-0.449496597 -0.386628568 2.62659836 0
-0.494731873 -0.105945766 3.29290891 0
-0.0493173338 -0.00377014442 1.17340171 0
-0.568652332 -0.0156846903 1.79926789 0
0.1331027 -0.10946469 1.78175998 0
-0.344911516 0.0165694915 2.07995915 0
0.033986602 0.0290991105 1.08223796 0
-0.229345798 0.0307801459 1.35238087 0
-0.0320568942 0.0160883684 0.977408409 0
-0.553023338 -0.272793531 2.44254398 0
-0.17912057 0.0275094192 1.31259727 0
0.0564439669 0.0288994815 1.12104344 0
0.12941651 -0.0483259559 1.10845399 0
-0.553780615 -0.383390158 2.5373919 0
-0.191543907 0.031348709 1.24114358 0
0.118915886 0.0377846435 1.22985899 0
-0.132210061 0.0242614448 1.25878704 0
0.141313955 -0.0222145598 1.08089495 0
0.0833479986 0.0684241876 1.32368565 0
-0.680793583 -0.122833237 2.42158723 0
-0.213727385 0.0366524905 1.29050803 0
0.0386101604 0.0259605441 1.21026349 0
-0.0894253924 0.0250147786 1.24274933 0
-0.510569394 0.0163253825 1.77036703 0
-0.16405879 0.0256732237 1.15483427 0
-0.541606188 -0.267011851 2.40301919 0
-0.511775017 0.152044058 1.83386254 0
-0.325133592 -0.0290254075 3.49397874 0
-0.337493777 -0.180254743 1.08591712 13
-0.335809559 -0.223187715 1.12591803 0
-0.276313037 -0.168676123 1.10629427 0
-0.281316727 -0.193545669 1.123963 0
1.2443738 -0.451258689 2.55928016 4
1.21863842 -0.491433173 2.60198641 0
0.168074578 -0.0393935703 0.572245657 0
-0.13530083 0.0436909944 0.302487731 0
-0.0419876464 0.0375223085 0.52186054 0
0.101731002 0.0401446931 0.311116308 0
0.0487554148 0.0398796387 0.352729976 0
0.348352611 0.0231416468 0.554957569 0
-0.135096654 0.039834924 0.523512542 0
-0.134313241 0.0402234979 0.462341398 0
-0.0423311107 0.0410230197 0.354542911 0
0.336341351 -0.0406217538 0.483170062 5
0.134252101 0.0339149237 1.02204442 0
1.10202348 0.000670463312 2.23788047 0
0.315049797 -0.0857432783 0.484642416 0
0.307217956 -0.0684601218 0.490276992 11
0.305644512 -0.103061259 0.513272464 0
0.164438948 0.038821619 0.548140883 0
0.318355709 -0.237373248 1.3541913 0
0.504353702 -0.143102109 1.31682229 0
0.168132305 0.0387655012 0.301698834 0
-0.0893039927 0.0435283482 0.307321012 0
-0.49865815 -0.00472938269 1.3221873 0
-0.51907295 -0.0493706204 1.28407586 0
0.187338755 -0.192895964 1.071805 0
-0.49519214 0.0373785049 1.48727846 0
0.309646159 0.0266389903 0.555373847 0
0.495727152 -0.28045848 1.52112806 0
-0.811307371 -0.0651598945 1.28635669 0
-0.997189343 -0.140215933 1.58067036 0
-1.00274217 -0.113192573 1.46473873 3
0.17488037 -0.0468150191 0.74436903 7
0.3192375 -0.078857258 0.484064013 9
0.158492133 -0.0236692969 0.722443402 0
0.131536052 0.0362321734 0.632716179 0
0.146549031 0.00926223025 0.758537591 0
-0.136988953 0.0375640355 0.67359525 0
-0.134288058 0.037193276 0.59559232 0
-0.753119946 -0.0848557279 1.39842093 0
-0.618190289 -0.17891565 1.16572809 0
0.340512455 -0.267213732 1.37631404 6
-0.0473301373 0.0424536355 0.276065409 0
-0.519860804 -0.0908089876 1.25408149 0
-0.485178918 -0.11079669 1.22096264 15
-0.465324879 -0.1654239 1.23011601 0
-0.459030151 -0.161348701 1.1595937 7
-0.465388507 -0.180000603 1.16323388 0
0.15830934 -0.191536397 1.15057528 0
-0.762803316 0.00476176385 1.14361906 0
-0.535981715 -0.0250502583 1.29363167 0
-0.552174747 -0.0382153802 1.30221021 0
1.1962229 -0.293106914 2.7000308 0
0.250253797 0.0324281007 0.524771392 0
0.200045198 0.0234456249 0.563509345 0
-0.647410393 -0.213738933 1.18075478 0
-0.645676732 -0.258951217 1.22788954 0
-0.679197848 -0.259028792 1.22702157 0
0.147481024 -0.0745898262 1.06083441 17
-0.729335189 -0.0265538581 1.41684842 0
-0.749797344 -0.0251883343 1.38934684 0
-0.782459915 -0.000283170724 1.13589656 0
-0.6228109 -0.180113912 1.22863138 0
0.184188992 -0.218705326 1.06878197 0
0.16254665 -0.224666625 1.1773324 14
0.506830454 -0.16454491 1.33589959 0
0.467311323 -0.213695452 1.37083864 17
-0.518082678 -0.154072151 1.17059886 12
0.194001019 -0.160486788 1.04090989 0
0.155353785 -0.0123843048 0.963120639 0
0.13695465 -0.0237665344 1.01634049 0
0.157661349 -0.0305042788 0.955990374 0
-0.588030696 -0.124027215 1.2187953 3
-0.611680508 -0.139601246 1.21206784 0
0.123524986 -0.101670705 1.05122197 0
-0.317751616 0.0390724391 1.12018645 0
0.1700885 -0.00567594124 0.729894757 0
0.170080259 -0.0492979847 0.56491214 15
-0.364897311 -0.156274781 1.11028159 0
0.162778065 0.037866991 0.625383675 0
0.16917257 0.0227422714 0.728085279 0
-0.242840722 -0.310667336 1.48084807 18
